[0.000, 0.600, 0.200, 1.000]
[-0.000, 0.600, 0.150, 1.000]
[-0.000, 0.635, 0.165, 1.000]
[0.000, 0.600, 0.200, 1.000]
[-0.000, 0.635, 0.165, 1.000]
[0.000, 0.650, 0.200, 1.000]
[0.000, 0.600, 0.200, 1.000]
[0.000, 0.650, 0.200, 1.000]
[0.000, 0.635, 0.235, 1.000]
[0.000, 0.600, 0.200, 1.000]
[0.000, 0.635, 0.235, 1.000]
[0.000, 0.600, 0.250, 1.000]
[0.000, 0.600, 0.200, 1.000]
[0.000, 0.600, 0.250, 1.000]
[0.000, 0.565, 0.235, 1.000]
[0.000, 0.600, 0.200, 1.000]
[0.000, 0.565, 0.235, 1.000]
[-0.000, 0.550, 0.200, 1.000]
[0.000, 0.600, 0.200, 1.000]
[-0.000, 0.550, 0.200, 1.000]
[-0.000, 0.565, 0.165, 1.000]
[0.000, 0.600, 0.200, 1.000]
[-0.000, 0.565, 0.165, 1.000]
[-0.000, 0.600, 0.150, 1.000]
[0.000, -0.600, 0.200, 1.000]
[-0.000, -0.600, 0.250, 1.000]
[-0.000, -0.565, 0.235, 1.000]
[0.000, -0.600, 0.200, 1.000]
[-0.000, -0.565, 0.235, 1.000]
[0.000, -0.550, 0.200, 1.000]
[0.000, -0.600, 0.200, 1.000]
[0.000, -0.550, 0.200, 1.000]
[0.000, -0.565, 0.165, 1.000]
[0.000, -0.600, 0.200, 1.000]
[0.000, -0.565, 0.165, 1.000]
[0.000, -0.600, 0.150, 1.000]
[0.000, -0.600, 0.200, 1.000]
[0.000, -0.600, 0.150, 1.000]
[0.000, -0.635, 0.165, 1.000]
[0.000, -0.600, 0.200, 1.000]
[0.000, -0.635, 0.165, 1.000]
[-0.000, -0.650, 0.200, 1.000]
[0.000, -0.600, 0.200, 1.000]
[-0.000, -0.650, 0.200, 1.000]
[-0.000, -0.635, 0.235, 1.000]
[0.000, -0.600, 0.200, 1.000]
[-0.000, -0.635, 0.235, 1.000]
[-0.000, -0.600, 0.250, 1.000]
[0.000, -0.450, 0.250, 1.000]
[0.177, -0.431, 0.177, 1.000]
[0.166, -0.396, 0.166, 1.000]
[0.000, -0.450, 0.250, 1.000]
[0.166, -0.396, 0.166, 1.000]
[0.000, -0.415, 0.235, 1.000]
[0.000, -0.415, 0.235, 1.000]
[0.166, -0.396, 0.166, 1.000]
[0.141, -0.381, 0.141, 1.000]
[0.000, -0.415, 0.235, 1.000]
[0.141, -0.381, 0.141, 1.000]
[0.000, -0.400, 0.200, 1.000]
[0.000, -0.400, 0.200, 1.000]
[0.141, -0.381, 0.141, 1.000]
[0.116, -0.396, 0.116, 1.000]
[0.000, -0.400, 0.200, 1.000]
[0.116, -0.396, 0.116, 1.000]
[0.000, -0.415, 0.165, 1.000]
[0.000, -0.415, 0.165, 1.000]
[0.116, -0.396, 0.116, 1.000]
[0.106, -0.431, 0.106, 1.000]
[0.000, -0.415, 0.165, 1.000]
[0.106, -0.431, 0.106, 1.000]
[0.000, -0.450, 0.150, 1.000]
[0.000, -0.450, 0.150, 1.000]
[0.106, -0.431, 0.106, 1.000]
[0.116, -0.467, 0.116, 1.000]
[0.000, -0.450, 0.150, 1.000]
[0.116, -0.467, 0.116, 1.000]
[0.000, -0.485, 0.165, 1.000]
[0.000, -0.485, 0.165, 1.000]
[0.116, -0.467, 0.116, 1.000]
[0.141, -0.481, 0.141, 1.000]
[0.000, -0.485, 0.165, 1.000]
[0.141, -0.481, 0.141, 1.000]
[0.000, -0.500, 0.200, 1.000]
[0.000, -0.500, 0.200, 1.000]
[0.141, -0.481, 0.141, 1.000]
[0.166, -0.467, 0.166, 1.000]
[0.000, -0.500, 0.200, 1.000]
[0.166, -0.467, 0.166, 1.000]
[0.000, -0.485, 0.235, 1.000]
[0.000, -0.485, 0.235, 1.000]
[0.166, -0.467, 0.166, 1.000]
[0.177, -0.431, 0.177, 1.000]
[0.000, -0.485, 0.235, 1.000]
[0.177, -0.431, 0.177, 1.000]
[0.000, -0.450, 0.250, 1.000]
[0.177, -0.431, 0.177, 1.000]
[0.250, -0.412, -0.000, 1.000]
[0.235, -0.377, -0.000, 1.000]
[0.177, -0.431, 0.177, 1.000]
[0.235, -0.377, -0.000, 1.000]
[0.166, -0.396, 0.166, 1.000]
[0.166, -0.396, 0.166, 1.000]
[0.235, -0.377, -0.000, 1.000]
[0.200, -0.362, -0.000, 1.000]
[0.166, -0.396, 0.166, 1.000]
[0.200, -0.362, -0.000, 1.000]
[0.141, -0.381, 0.141, 1.000]
[0.141, -0.381, 0.141, 1.000]
[0.200, -0.362, -0.000, 1.000]
[0.165, -0.377, -0.000, 1.000]
[0.141, -0.381, 0.141, 1.000]
[0.165, -0.377, -0.000, 1.000]
[0.116, -0.396, 0.116, 1.000]
[0.116, -0.396, 0.116, 1.000]
[0.165, -0.377, -0.000, 1.000]
[0.150, -0.412, -0.000, 1.000]
[0.116, -0.396, 0.116, 1.000]
[0.150, -0.412, -0.000, 1.000]
[0.106, -0.431, 0.106, 1.000]
[0.106, -0.431, 0.106, 1.000]
[0.150, -0.412, -0.000, 1.000]
[0.165, -0.448, -0.000, 1.000]
[0.106, -0.431, 0.106, 1.000]
[0.165, -0.448, -0.000, 1.000]
[0.116, -0.467, 0.116, 1.000]
[0.116, -0.467, 0.116, 1.000]
[0.165, -0.448, -0.000, 1.000]
[0.200, -0.463, -0.000, 1.000]
[0.116, -0.467, 0.116, 1.000]
[0.200, -0.463, -0.000, 1.000]
[0.141, -0.481, 0.141, 1.000]
[0.141, -0.481, 0.141, 1.000]
[0.200, -0.463, -0.000, 1.000]
[0.235, -0.448, -0.000, 1.000]
[0.141, -0.481, 0.141, 1.000]
[0.235, -0.448, -0.000, 1.000]
[0.166, -0.467, 0.166, 1.000]
[0.166, -0.467, 0.166, 1.000]
[0.235, -0.448, -0.000, 1.000]
[0.250, -0.412, -0.000, 1.000]
[0.166, -0.467, 0.166, 1.000]
[0.250, -0.412, -0.000, 1.000]
[0.177, -0.431, 0.177, 1.000]
[0.250, -0.413, -0.000, 1.000]
[0.177, -0.394, -0.177, 1.000]
[0.166, -0.358, -0.166, 1.000]
[0.250, -0.413, -0.000, 1.000]
[0.166, -0.358, -0.166, 1.000]
[0.235, -0.377, -0.000, 1.000]
[0.235, -0.377, -0.000, 1.000]
[0.166, -0.358, -0.166, 1.000]
[0.141, -0.344, -0.141, 1.000]
[0.235, -0.377, -0.000, 1.000]
[0.141, -0.344, -0.141, 1.000]
[0.200, -0.363, -0.000, 1.000]
[0.200, -0.363, -0.000, 1.000]
[0.141, -0.344, -0.141, 1.000]
[0.116, -0.358, -0.116, 1.000]
[0.200, -0.363, -0.000, 1.000]
[0.116, -0.358, -0.116, 1.000]
[0.165, -0.377, -0.000, 1.000]
[0.165, -0.377, -0.000, 1.000]
[0.116, -0.358, -0.116, 1.000]
[0.106, -0.394, -0.106, 1.000]
[0.165, -0.377, -0.000, 1.000]
[0.106, -0.394, -0.106, 1.000]
[0.150, -0.413, -0.000, 1.000]
[0.150, -0.413, -0.000, 1.000]
[0.106, -0.394, -0.106, 1.000]
[0.116, -0.429, -0.116, 1.000]
[0.150, -0.413, -0.000, 1.000]
[0.116, -0.429, -0.116, 1.000]
[0.165, -0.448, -0.000, 1.000]
[0.165, -0.448, -0.000, 1.000]
[0.116, -0.429, -0.116, 1.000]
[0.141, -0.444, -0.141, 1.000]
[0.165, -0.448, -0.000, 1.000]
[0.141, -0.444, -0.141, 1.000]
[0.200, -0.463, -0.000, 1.000]
[0.200, -0.463, -0.000, 1.000]
[0.141, -0.444, -0.141, 1.000]
[0.166, -0.429, -0.166, 1.000]
[0.200, -0.463, -0.000, 1.000]
[0.166, -0.429, -0.166, 1.000]
[0.235, -0.448, -0.000, 1.000]
[0.235, -0.448, -0.000, 1.000]
[0.166, -0.429, -0.166, 1.000]
[0.177, -0.394, -0.177, 1.000]
[0.235, -0.448, -0.000, 1.000]
[0.177, -0.394, -0.177, 1.000]
[0.250, -0.413, -0.000, 1.000]
[0.177, -0.394, -0.177, 1.000]
[-0.000, -0.375, -0.250, 1.000]
[-0.000, -0.340, -0.235, 1.000]
[0.177, -0.394, -0.177, 1.000]
[-0.000, -0.340, -0.235, 1.000]
[0.166, -0.358, -0.166, 1.000]
[0.166, -0.358, -0.166, 1.000]
[-0.000, -0.340, -0.235, 1.000]
[-0.000, -0.325, -0.200, 1.000]
[0.166, -0.358, -0.166, 1.000]
[-0.000, -0.325, -0.200, 1.000]
[0.141, -0.344, -0.141, 1.000]
[0.141, -0.344, -0.141, 1.000]
[-0.000, -0.325, -0.200, 1.000]
[-0.000, -0.340, -0.165, 1.000]
[0.141, -0.344, -0.141, 1.000]
[-0.000, -0.340, -0.165, 1.000]
[0.116, -0.358, -0.116, 1.000]
[0.116, -0.358, -0.116, 1.000]
[-0.000, -0.340, -0.165, 1.000]
[-0.000, -0.375, -0.150, 1.000]
[0.116, -0.358, -0.116, 1.000]
[-0.000, -0.375, -0.150, 1.000]
[0.106, -0.394, -0.106, 1.000]
[0.106, -0.394, -0.106, 1.000]
[-0.000, -0.375, -0.150, 1.000]
[-0.000, -0.410, -0.165, 1.000]
[0.106, -0.394, -0.106, 1.000]
[-0.000, -0.410, -0.165, 1.000]
[0.116, -0.429, -0.116, 1.000]
[0.116, -0.429, -0.116, 1.000]
[-0.000, -0.410, -0.165, 1.000]
[-0.000, -0.425, -0.200, 1.000]
[0.116, -0.429, -0.116, 1.000]
[-0.000, -0.425, -0.200, 1.000]
[0.141, -0.444, -0.141, 1.000]
[0.141, -0.444, -0.141, 1.000]
[-0.000, -0.425, -0.200, 1.000]
[-0.000, -0.410, -0.235, 1.000]
[0.141, -0.444, -0.141, 1.000]
[-0.000, -0.410, -0.235, 1.000]
[0.166, -0.429, -0.166, 1.000]
[0.166, -0.429, -0.166, 1.000]
[-0.000, -0.410, -0.235, 1.000]
[-0.000, -0.375, -0.250, 1.000]
[0.166, -0.429, -0.166, 1.000]
[-0.000, -0.375, -0.250, 1.000]
[0.177, -0.394, -0.177, 1.000]
[-0.000, -0.375, -0.250, 1.000]
[-0.177, -0.356, -0.177, 1.000]
[-0.166, -0.321, -0.166, 1.000]
[-0.000, -0.375, -0.250, 1.000]
[-0.166, -0.321, -0.166, 1.000]
[-0.000, -0.340, -0.235, 1.000]
[-0.000, -0.340, -0.235, 1.000]
[-0.166, -0.321, -0.166, 1.000]
[-0.141, -0.306, -0.141, 1.000]
[-0.000, -0.340, -0.235, 1.000]
[-0.141, -0.306, -0.141, 1.000]
[-0.000, -0.325, -0.200, 1.000]
[-0.000, -0.325, -0.200, 1.000]
[-0.141, -0.306, -0.141, 1.000]
[-0.116, -0.321, -0.116, 1.000]
[-0.000, -0.325, -0.200, 1.000]
[-0.116, -0.321, -0.116, 1.000]
[-0.000, -0.340, -0.165, 1.000]
[-0.000, -0.340, -0.165, 1.000]
[-0.116, -0.321, -0.116, 1.000]
[-0.106, -0.356, -0.106, 1.000]
[-0.000, -0.340, -0.165, 1.000]
[-0.106, -0.356, -0.106, 1.000]
[-0.000, -0.375, -0.150, 1.000]
[-0.000, -0.375, -0.150, 1.000]
[-0.106, -0.356, -0.106, 1.000]
[-0.116, -0.392, -0.116, 1.000]
[-0.000, -0.375, -0.150, 1.000]
[-0.116, -0.392, -0.116, 1.000]
[-0.000, -0.410, -0.165, 1.000]
[-0.000, -0.410, -0.165, 1.000]
[-0.116, -0.392, -0.116, 1.000]
[-0.141, -0.406, -0.141, 1.000]
[-0.000, -0.410, -0.165, 1.000]
[-0.141, -0.406, -0.141, 1.000]
[-0.000, -0.425, -0.200, 1.000]
[-0.000, -0.425, -0.200, 1.000]
[-0.141, -0.406, -0.141, 1.000]
[-0.166, -0.392, -0.166, 1.000]
[-0.000, -0.425, -0.200, 1.000]
[-0.166, -0.392, -0.166, 1.000]
[-0.000, -0.410, -0.235, 1.000]
[-0.000, -0.410, -0.235, 1.000]
[-0.166, -0.392, -0.166, 1.000]
[-0.177, -0.356, -0.177, 1.000]
[-0.000, -0.410, -0.235, 1.000]
[-0.177, -0.356, -0.177, 1.000]
[-0.000, -0.375, -0.250, 1.000]
[-0.177, -0.356, -0.177, 1.000]
[-0.250, -0.338, 0.000, 1.000]
[-0.235, -0.302, 0.000, 1.000]
[-0.177, -0.356, -0.177, 1.000]
[-0.235, -0.302, 0.000, 1.000]
[-0.166, -0.321, -0.166, 1.000]
[-0.166, -0.321, -0.166, 1.000]
[-0.235, -0.302, 0.000, 1.000]
[-0.200, -0.287, 0.000, 1.000]
[-0.166, -0.321, -0.166, 1.000]
[-0.200, -0.287, 0.000, 1.000]
[-0.141, -0.306, -0.141, 1.000]
[-0.141, -0.306, -0.141, 1.000]
[-0.200, -0.287, 0.000, 1.000]
[-0.165, -0.302, 0.000, 1.000]
[-0.141, -0.306, -0.141, 1.000]
[-0.165, -0.302, 0.000, 1.000]
[-0.116, -0.321, -0.116, 1.000]
[-0.116, -0.321, -0.116, 1.000]
[-0.165, -0.302, 0.000, 1.000]
[-0.150, -0.338, 0.000, 1.000]
[-0.116, -0.321, -0.116, 1.000]
[-0.150, -0.338, 0.000, 1.000]
[-0.106, -0.356, -0.106, 1.000]
[-0.106, -0.356, -0.106, 1.000]
[-0.150, -0.338, 0.000, 1.000]
[-0.165, -0.373, 0.000, 1.000]
[-0.106, -0.356, -0.106, 1.000]
[-0.165, -0.373, 0.000, 1.000]
[-0.116, -0.392, -0.116, 1.000]
[-0.116, -0.392, -0.116, 1.000]
[-0.165, -0.373, 0.000, 1.000]
[-0.200, -0.388, 0.000, 1.000]
[-0.116, -0.392, -0.116, 1.000]
[-0.200, -0.388, 0.000, 1.000]
[-0.141, -0.406, -0.141, 1.000]
[-0.141, -0.406, -0.141, 1.000]
[-0.200, -0.388, 0.000, 1.000]
[-0.235, -0.373, 0.000, 1.000]
[-0.141, -0.406, -0.141, 1.000]
[-0.235, -0.373, 0.000, 1.000]
[-0.166, -0.392, -0.166, 1.000]
[-0.166, -0.392, -0.166, 1.000]
[-0.235, -0.373, 0.000, 1.000]
[-0.250, -0.338, 0.000, 1.000]
[-0.166, -0.392, -0.166, 1.000]
[-0.250, -0.338, 0.000, 1.000]
[-0.177, -0.356, -0.177, 1.000]
[-0.250, -0.338, 0.000, 1.000]
[-0.177, -0.319, 0.177, 1.000]
[-0.166, -0.283, 0.166, 1.000]
[-0.250, -0.338, 0.000, 1.000]
[-0.166, -0.283, 0.166, 1.000]
[-0.235, -0.302, 0.000, 1.000]
[-0.235, -0.302, 0.000, 1.000]
[-0.166, -0.283, 0.166, 1.000]
[-0.141, -0.269, 0.141, 1.000]
[-0.235, -0.302, 0.000, 1.000]
[-0.141, -0.269, 0.141, 1.000]
[-0.200, -0.287, 0.000, 1.000]
[-0.200, -0.287, 0.000, 1.000]
[-0.141, -0.269, 0.141, 1.000]
[-0.116, -0.283, 0.116, 1.000]
[-0.200, -0.287, 0.000, 1.000]
[-0.116, -0.283, 0.116, 1.000]
[-0.165, -0.302, 0.000, 1.000]
[-0.165, -0.302, 0.000, 1.000]
[-0.116, -0.283, 0.116, 1.000]
[-0.106, -0.319, 0.106, 1.000]
[-0.165, -0.302, 0.000, 1.000]
[-0.106, -0.319, 0.106, 1.000]
[-0.150, -0.338, 0.000, 1.000]
[-0.150, -0.338, 0.000, 1.000]
[-0.106, -0.319, 0.106, 1.000]
[-0.116, -0.354, 0.116, 1.000]
[-0.150, -0.338, 0.000, 1.000]
[-0.116, -0.354, 0.116, 1.000]
[-0.165, -0.373, 0.000, 1.000]
[-0.165, -0.373, 0.000, 1.000]
[-0.116, -0.354, 0.116, 1.000]
[-0.141, -0.369, 0.141, 1.000]
[-0.165, -0.373, 0.000, 1.000]
[-0.141, -0.369, 0.141, 1.000]
[-0.200, -0.388, 0.000, 1.000]
[-0.200, -0.388, 0.000, 1.000]
[-0.141, -0.369, 0.141, 1.000]
[-0.166, -0.354, 0.166, 1.000]
[-0.200, -0.388, 0.000, 1.000]
[-0.166, -0.354, 0.166, 1.000]
[-0.235, -0.373, 0.000, 1.000]
[-0.235, -0.373, 0.000, 1.000]
[-0.166, -0.354, 0.166, 1.000]
[-0.177, -0.319, 0.177, 1.000]
[-0.235, -0.373, 0.000, 1.000]
[-0.177, -0.319, 0.177, 1.000]
[-0.250, -0.338, 0.000, 1.000]
[-0.177, -0.319, 0.177, 1.000]
[0.000, -0.300, 0.250, 1.000]
[0.000, -0.265, 0.235, 1.000]
[-0.177, -0.319, 0.177, 1.000]
[0.000, -0.265, 0.235, 1.000]
[-0.166, -0.283, 0.166, 1.000]
[-0.166, -0.283, 0.166, 1.000]
[0.000, -0.265, 0.235, 1.000]
[0.000, -0.250, 0.200, 1.000]
[-0.166, -0.283, 0.166, 1.000]
[0.000, -0.250, 0.200, 1.000]
[-0.141, -0.269, 0.141, 1.000]
[-0.141, -0.269, 0.141, 1.000]
[0.000, -0.250, 0.200, 1.000]
[0.000, -0.265, 0.165, 1.000]
[-0.141, -0.269, 0.141, 1.000]
[0.000, -0.265, 0.165, 1.000]
[-0.116, -0.283, 0.116, 1.000]
[-0.116, -0.283, 0.116, 1.000]
[0.000, -0.265, 0.165, 1.000]
[0.000, -0.300, 0.150, 1.000]
[-0.116, -0.283, 0.116, 1.000]
[0.000, -0.300, 0.150, 1.000]
[-0.106, -0.319, 0.106, 1.000]
[-0.106, -0.319, 0.106, 1.000]
[0.000, -0.300, 0.150, 1.000]
[0.000, -0.335, 0.165, 1.000]
[-0.106, -0.319, 0.106, 1.000]
[0.000, -0.335, 0.165, 1.000]
[-0.116, -0.354, 0.116, 1.000]
[-0.116, -0.354, 0.116, 1.000]
[0.000, -0.335, 0.165, 1.000]
[0.000, -0.350, 0.200, 1.000]
[-0.116, -0.354, 0.116, 1.000]
[0.000, -0.350, 0.200, 1.000]
[-0.141, -0.369, 0.141, 1.000]
[-0.141, -0.369, 0.141, 1.000]
[0.000, -0.350, 0.200, 1.000]
[0.000, -0.335, 0.235, 1.000]
[-0.141, -0.369, 0.141, 1.000]
[0.000, -0.335, 0.235, 1.000]
[-0.166, -0.354, 0.166, 1.000]
[-0.166, -0.354, 0.166, 1.000]
[0.000, -0.335, 0.235, 1.000]
[0.000, -0.300, 0.250, 1.000]
[-0.166, -0.354, 0.166, 1.000]
[0.000, -0.300, 0.250, 1.000]
[-0.177, -0.319, 0.177, 1.000]
[0.000, -0.300, 0.250, 1.000]
[0.177, -0.281, 0.177, 1.000]
[0.166, -0.246, 0.166, 1.000]
[0.000, -0.300, 0.250, 1.000]
[0.166, -0.246, 0.166, 1.000]
[0.000, -0.265, 0.235, 1.000]
[0.000, -0.265, 0.235, 1.000]
[0.166, -0.246, 0.166, 1.000]
[0.141, -0.231, 0.141, 1.000]
[0.000, -0.265, 0.235, 1.000]
[0.141, -0.231, 0.141, 1.000]
[0.000, -0.250, 0.200, 1.000]
[0.000, -0.250, 0.200, 1.000]
[0.141, -0.231, 0.141, 1.000]
[0.116, -0.246, 0.116, 1.000]
[0.000, -0.250, 0.200, 1.000]
[0.116, -0.246, 0.116, 1.000]
[0.000, -0.265, 0.165, 1.000]
[0.000, -0.265, 0.165, 1.000]
[0.116, -0.246, 0.116, 1.000]
[0.106, -0.281, 0.106, 1.000]
[0.000, -0.265, 0.165, 1.000]
[0.106, -0.281, 0.106, 1.000]
[0.000, -0.300, 0.150, 1.000]
[0.000, -0.300, 0.150, 1.000]
[0.106, -0.281, 0.106, 1.000]
[0.116, -0.317, 0.116, 1.000]
[0.000, -0.300, 0.150, 1.000]
[0.116, -0.317, 0.116, 1.000]
[0.000, -0.335, 0.165, 1.000]
[0.000, -0.335, 0.165, 1.000]
[0.116, -0.317, 0.116, 1.000]
[0.141, -0.331, 0.141, 1.000]
[0.000, -0.335, 0.165, 1.000]
[0.141, -0.331, 0.141, 1.000]
[0.000, -0.350, 0.200, 1.000]
[0.000, -0.350, 0.200, 1.000]
[0.141, -0.331, 0.141, 1.000]
[0.166, -0.317, 0.166, 1.000]
[0.000, -0.350, 0.200, 1.000]
[0.166, -0.317, 0.166, 1.000]
[0.000, -0.335, 0.235, 1.000]
[0.000, -0.335, 0.235, 1.000]
[0.166, -0.317, 0.166, 1.000]
[0.177, -0.281, 0.177, 1.000]
[0.000, -0.335, 0.235, 1.000]
[0.177, -0.281, 0.177, 1.000]
[0.000, -0.300, 0.250, 1.000]
[0.177, -0.281, 0.177, 1.000]
[0.250, -0.262, -0.000, 1.000]
[0.235, -0.227, -0.000, 1.000]
[0.177, -0.281, 0.177, 1.000]
[0.235, -0.227, -0.000, 1.000]
[0.166, -0.246, 0.166, 1.000]
[0.166, -0.246, 0.166, 1.000]
[0.235, -0.227, -0.000, 1.000]
[0.200, -0.212, -0.000, 1.000]
[0.166, -0.246, 0.166, 1.000]
[0.200, -0.212, -0.000, 1.000]
[0.141, -0.231, 0.141, 1.000]
[0.141, -0.231, 0.141, 1.000]
[0.200, -0.212, -0.000, 1.000]
[0.165, -0.227, -0.000, 1.000]
[0.141, -0.231, 0.141, 1.000]
[0.165, -0.227, -0.000, 1.000]
[0.116, -0.246, 0.116, 1.000]
[0.116, -0.246, 0.116, 1.000]
[0.165, -0.227, -0.000, 1.000]
[0.150, -0.262, -0.000, 1.000]
[0.116, -0.246, 0.116, 1.000]
[0.150, -0.262, -0.000, 1.000]
[0.106, -0.281, 0.106, 1.000]
[0.106, -0.281, 0.106, 1.000]
[0.150, -0.262, -0.000, 1.000]
[0.165, -0.298, -0.000, 1.000]
[0.106, -0.281, 0.106, 1.000]
[0.165, -0.298, -0.000, 1.000]
[0.116, -0.317, 0.116, 1.000]
[0.116, -0.317, 0.116, 1.000]
[0.165, -0.298, -0.000, 1.000]
[0.200, -0.312, -0.000, 1.000]
[0.116, -0.317, 0.116, 1.000]
[0.200, -0.312, -0.000, 1.000]
[0.141, -0.331, 0.141, 1.000]
[0.141, -0.331, 0.141, 1.000]
[0.200, -0.312, -0.000, 1.000]
[0.235, -0.298, -0.000, 1.000]
[0.141, -0.331, 0.141, 1.000]
[0.235, -0.298, -0.000, 1.000]
[0.166, -0.317, 0.166, 1.000]
[0.166, -0.317, 0.166, 1.000]
[0.235, -0.298, -0.000, 1.000]
[0.250, -0.262, -0.000, 1.000]
[0.166, -0.317, 0.166, 1.000]
[0.250, -0.262, -0.000, 1.000]
[0.177, -0.281, 0.177, 1.000]
[0.250, -0.263, -0.000, 1.000]
[0.177, -0.244, -0.177, 1.000]
[0.166, -0.208, -0.166, 1.000]
[0.250, -0.263, -0.000, 1.000]
[0.166, -0.208, -0.166, 1.000]
[0.235, -0.227, -0.000, 1.000]
[0.235, -0.227, -0.000, 1.000]
[0.166, -0.208, -0.166, 1.000]
[0.141, -0.194, -0.141, 1.000]
[0.235, -0.227, -0.000, 1.000]
[0.141, -0.194, -0.141, 1.000]
[0.200, -0.213, -0.000, 1.000]
[0.200, -0.213, -0.000, 1.000]
[0.141, -0.194, -0.141, 1.000]
[0.116, -0.208, -0.116, 1.000]
[0.200, -0.213, -0.000, 1.000]
[0.116, -0.208, -0.116, 1.000]
[0.165, -0.227, -0.000, 1.000]
[0.165, -0.227, -0.000, 1.000]
[0.116, -0.208, -0.116, 1.000]
[0.106, -0.244, -0.106, 1.000]
[0.165, -0.227, -0.000, 1.000]
[0.106, -0.244, -0.106, 1.000]
[0.150, -0.263, -0.000, 1.000]
[0.150, -0.263, -0.000, 1.000]
[0.106, -0.244, -0.106, 1.000]
[0.116, -0.279, -0.116, 1.000]
[0.150, -0.263, -0.000, 1.000]
[0.116, -0.279, -0.116, 1.000]
[0.165, -0.298, -0.000, 1.000]
[0.165, -0.298, -0.000, 1.000]
[0.116, -0.279, -0.116, 1.000]
[0.141, -0.294, -0.141, 1.000]
[0.165, -0.298, -0.000, 1.000]
[0.141, -0.294, -0.141, 1.000]
[0.200, -0.313, -0.000, 1.000]
[0.200, -0.313, -0.000, 1.000]
[0.141, -0.294, -0.141, 1.000]
[0.166, -0.279, -0.166, 1.000]
[0.200, -0.313, -0.000, 1.000]
[0.166, -0.279, -0.166, 1.000]
[0.235, -0.298, -0.000, 1.000]
[0.235, -0.298, -0.000, 1.000]
[0.166, -0.279, -0.166, 1.000]
[0.177, -0.244, -0.177, 1.000]
[0.235, -0.298, -0.000, 1.000]
[0.177, -0.244, -0.177, 1.000]
[0.250, -0.263, -0.000, 1.000]
[0.177, -0.244, -0.177, 1.000]
[-0.000, -0.225, -0.250, 1.000]
[-0.000, -0.190, -0.235, 1.000]
[0.177, -0.244, -0.177, 1.000]
[-0.000, -0.190, -0.235, 1.000]
[0.166, -0.208, -0.166, 1.000]
[0.166, -0.208, -0.166, 1.000]
[-0.000, -0.190, -0.235, 1.000]
[-0.000, -0.175, -0.200, 1.000]
[0.166, -0.208, -0.166, 1.000]
[-0.000, -0.175, -0.200, 1.000]
[0.141, -0.194, -0.141, 1.000]
[0.141, -0.194, -0.141, 1.000]
[-0.000, -0.175, -0.200, 1.000]
[-0.000, -0.190, -0.165, 1.000]
[0.141, -0.194, -0.141, 1.000]
[-0.000, -0.190, -0.165, 1.000]
[0.116, -0.208, -0.116, 1.000]
[0.116, -0.208, -0.116, 1.000]
[-0.000, -0.190, -0.165, 1.000]
[-0.000, -0.225, -0.150, 1.000]
[0.116, -0.208, -0.116, 1.000]
[-0.000, -0.225, -0.150, 1.000]
[0.106, -0.244, -0.106, 1.000]
[0.106, -0.244, -0.106, 1.000]
[-0.000, -0.225, -0.150, 1.000]
[-0.000, -0.260, -0.165, 1.000]
[0.106, -0.244, -0.106, 1.000]
[-0.000, -0.260, -0.165, 1.000]
[0.116, -0.279, -0.116, 1.000]
[0.116, -0.279, -0.116, 1.000]
[-0.000, -0.260, -0.165, 1.000]
[-0.000, -0.275, -0.200, 1.000]
[0.116, -0.279, -0.116, 1.000]
[-0.000, -0.275, -0.200, 1.000]
[0.141, -0.294, -0.141, 1.000]
[0.141, -0.294, -0.141, 1.000]
[-0.000, -0.275, -0.200, 1.000]
[-0.000, -0.260, -0.235, 1.000]
[0.141, -0.294, -0.141, 1.000]
[-0.000, -0.260, -0.235, 1.000]
[0.166, -0.279, -0.166, 1.000]
[0.166, -0.279, -0.166, 1.000]
[-0.000, -0.260, -0.235, 1.000]
[-0.000, -0.225, -0.250, 1.000]
[0.166, -0.279, -0.166, 1.000]
[-0.000, -0.225, -0.250, 1.000]
[0.177, -0.244, -0.177, 1.000]
[-0.000, -0.225, -0.250, 1.000]
[-0.177, -0.206, -0.177, 1.000]
[-0.166, -0.171, -0.166, 1.000]
[-0.000, -0.225, -0.250, 1.000]
[-0.166, -0.171, -0.166, 1.000]
[-0.000, -0.190, -0.235, 1.000]
[-0.000, -0.190, -0.235, 1.000]
[-0.166, -0.171, -0.166, 1.000]
[-0.141, -0.156, -0.141, 1.000]
[-0.000, -0.190, -0.235, 1.000]
[-0.141, -0.156, -0.141, 1.000]
[-0.000, -0.175, -0.200, 1.000]
[-0.000, -0.175, -0.200, 1.000]
[-0.141, -0.156, -0.141, 1.000]
[-0.116, -0.171, -0.116, 1.000]
[-0.000, -0.175, -0.200, 1.000]
[-0.116, -0.171, -0.116, 1.000]
[-0.000, -0.190, -0.165, 1.000]
[-0.000, -0.190, -0.165, 1.000]
[-0.116, -0.171, -0.116, 1.000]
[-0.106, -0.206, -0.106, 1.000]
[-0.000, -0.190, -0.165, 1.000]
[-0.106, -0.206, -0.106, 1.000]
[-0.000, -0.225, -0.150, 1.000]
[-0.000, -0.225, -0.150, 1.000]
[-0.106, -0.206, -0.106, 1.000]
[-0.116, -0.242, -0.116, 1.000]
[-0.000, -0.225, -0.150, 1.000]
[-0.116, -0.242, -0.116, 1.000]
[-0.000, -0.260, -0.165, 1.000]
[-0.000, -0.260, -0.165, 1.000]
[-0.116, -0.242, -0.116, 1.000]
[-0.141, -0.256, -0.141, 1.000]
[-0.000, -0.260, -0.165, 1.000]
[-0.141, -0.256, -0.141, 1.000]
[-0.000, -0.275, -0.200, 1.000]
[-0.000, -0.275, -0.200, 1.000]
[-0.141, -0.256, -0.141, 1.000]
[-0.166, -0.242, -0.166, 1.000]
[-0.000, -0.275, -0.200, 1.000]
[-0.166, -0.242, -0.166, 1.000]
[-0.000, -0.260, -0.235, 1.000]
[-0.000, -0.260, -0.235, 1.000]
[-0.166, -0.242, -0.166, 1.000]
[-0.177, -0.206, -0.177, 1.000]
[-0.000, -0.260, -0.235, 1.000]
[-0.177, -0.206, -0.177, 1.000]
[-0.000, -0.225, -0.250, 1.000]
[-0.177, -0.206, -0.177, 1.000]
[-0.250, -0.188, 0.000, 1.000]
[-0.235, -0.152, 0.000, 1.000]
[-0.177, -0.206, -0.177, 1.000]
[-0.235, -0.152, 0.000, 1.000]
[-0.166, -0.171, -0.166, 1.000]
[-0.166, -0.171, -0.166, 1.000]
[-0.235, -0.152, 0.000, 1.000]
[-0.200, -0.138, 0.000, 1.000]
[-0.166, -0.171, -0.166, 1.000]
[-0.200, -0.138, 0.000, 1.000]
[-0.141, -0.156, -0.141, 1.000]
[-0.141, -0.156, -0.141, 1.000]
[-0.200, -0.138, 0.000, 1.000]
[-0.165, -0.152, 0.000, 1.000]
[-0.141, -0.156, -0.141, 1.000]
[-0.165, -0.152, 0.000, 1.000]
[-0.116, -0.171, -0.116, 1.000]
[-0.116, -0.171, -0.116, 1.000]
[-0.165, -0.152, 0.000, 1.000]
[-0.150, -0.188, 0.000, 1.000]
[-0.116, -0.171, -0.116, 1.000]
[-0.150, -0.188, 0.000, 1.000]
[-0.106, -0.206, -0.106, 1.000]
[-0.106, -0.206, -0.106, 1.000]
[-0.150, -0.188, 0.000, 1.000]
[-0.165, -0.223, 0.000, 1.000]
[-0.106, -0.206, -0.106, 1.000]
[-0.165, -0.223, 0.000, 1.000]
[-0.116, -0.242, -0.116, 1.000]
[-0.116, -0.242, -0.116, 1.000]
[-0.165, -0.223, 0.000, 1.000]
[-0.200, -0.238, 0.000, 1.000]
[-0.116, -0.242, -0.116, 1.000]
[-0.200, -0.238, 0.000, 1.000]
[-0.141, -0.256, -0.141, 1.000]
[-0.141, -0.256, -0.141, 1.000]
[-0.200, -0.238, 0.000, 1.000]
[-0.235, -0.223, 0.000, 1.000]
[-0.141, -0.256, -0.141, 1.000]
[-0.235, -0.223, 0.000, 1.000]
[-0.166, -0.242, -0.166, 1.000]
[-0.166, -0.242, -0.166, 1.000]
[-0.235, -0.223, 0.000, 1.000]
[-0.250, -0.188, 0.000, 1.000]
[-0.166, -0.242, -0.166, 1.000]
[-0.250, -0.188, 0.000, 1.000]
[-0.177, -0.206, -0.177, 1.000]
[-0.250, -0.188, 0.000, 1.000]
[-0.177, -0.169, 0.177, 1.000]
[-0.166, -0.133, 0.166, 1.000]
[-0.250, -0.188, 0.000, 1.000]
[-0.166, -0.133, 0.166, 1.000]
[-0.235, -0.152, 0.000, 1.000]
[-0.235, -0.152, 0.000, 1.000]
[-0.166, -0.133, 0.166, 1.000]
[-0.141, -0.119, 0.141, 1.000]
[-0.235, -0.152, 0.000, 1.000]
[-0.141, -0.119, 0.141, 1.000]
[-0.200, -0.138, 0.000, 1.000]
[-0.200, -0.138, 0.000, 1.000]
[-0.141, -0.119, 0.141, 1.000]
[-0.116, -0.133, 0.116, 1.000]
[-0.200, -0.138, 0.000, 1.000]
[-0.116, -0.133, 0.116, 1.000]
[-0.165, -0.152, 0.000, 1.000]
[-0.165, -0.152, 0.000, 1.000]
[-0.116, -0.133, 0.116, 1.000]
[-0.106, -0.169, 0.106, 1.000]
[-0.165, -0.152, 0.000, 1.000]
[-0.106, -0.169, 0.106, 1.000]
[-0.150, -0.188, 0.000, 1.000]
[-0.150, -0.188, 0.000, 1.000]
[-0.106, -0.169, 0.106, 1.000]
[-0.116, -0.204, 0.116, 1.000]
[-0.150, -0.188, 0.000, 1.000]
[-0.116, -0.204, 0.116, 1.000]
[-0.165, -0.223, 0.000, 1.000]
[-0.165, -0.223, 0.000, 1.000]
[-0.116, -0.204, 0.116, 1.000]
[-0.141, -0.219, 0.141, 1.000]
[-0.165, -0.223, 0.000, 1.000]
[-0.141, -0.219, 0.141, 1.000]
[-0.200, -0.237, 0.000, 1.000]
[-0.200, -0.237, 0.000, 1.000]
[-0.141, -0.219, 0.141, 1.000]
[-0.166, -0.204, 0.166, 1.000]
[-0.200, -0.237, 0.000, 1.000]
[-0.166, -0.204, 0.166, 1.000]
[-0.235, -0.223, 0.000, 1.000]
[-0.235, -0.223, 0.000, 1.000]
[-0.166, -0.204, 0.166, 1.000]
[-0.177, -0.169, 0.177, 1.000]
[-0.235, -0.223, 0.000, 1.000]
[-0.177, -0.169, 0.177, 1.000]
[-0.250, -0.187, 0.000, 1.000]
[-0.177, -0.169, 0.177, 1.000]
[0.000, -0.150, 0.250, 1.000]
[0.000, -0.115, 0.235, 1.000]
[-0.177, -0.169, 0.177, 1.000]
[0.000, -0.115, 0.235, 1.000]
[-0.166, -0.133, 0.166, 1.000]
[-0.166, -0.133, 0.166, 1.000]
[0.000, -0.115, 0.235, 1.000]
[0.000, -0.100, 0.200, 1.000]
[-0.166, -0.133, 0.166, 1.000]
[0.000, -0.100, 0.200, 1.000]
[-0.141, -0.119, 0.141, 1.000]
[-0.141, -0.119, 0.141, 1.000]
[0.000, -0.100, 0.200, 1.000]
[0.000, -0.115, 0.165, 1.000]
[-0.141, -0.119, 0.141, 1.000]
[0.000, -0.115, 0.165, 1.000]
[-0.116, -0.133, 0.116, 1.000]
[-0.116, -0.133, 0.116, 1.000]
[0.000, -0.115, 0.165, 1.000]
[0.000, -0.150, 0.150, 1.000]
[-0.116, -0.133, 0.116, 1.000]
[0.000, -0.150, 0.150, 1.000]
[-0.106, -0.169, 0.106, 1.000]
[-0.106, -0.169, 0.106, 1.000]
[0.000, -0.150, 0.150, 1.000]
[0.000, -0.185, 0.165, 1.000]
[-0.106, -0.169, 0.106, 1.000]
[0.000, -0.185, 0.165, 1.000]
[-0.116, -0.204, 0.116, 1.000]
[-0.116, -0.204, 0.116, 1.000]
[0.000, -0.185, 0.165, 1.000]
[0.000, -0.200, 0.200, 1.000]
[-0.116, -0.204, 0.116, 1.000]
[0.000, -0.200, 0.200, 1.000]
[-0.141, -0.219, 0.141, 1.000]
[-0.141, -0.219, 0.141, 1.000]
[0.000, -0.200, 0.200, 1.000]
[0.000, -0.185, 0.235, 1.000]
[-0.141, -0.219, 0.141, 1.000]
[0.000, -0.185, 0.235, 1.000]
[-0.166, -0.204, 0.166, 1.000]
[-0.166, -0.204, 0.166, 1.000]
[0.000, -0.185, 0.235, 1.000]
[0.000, -0.150, 0.250, 1.000]
[-0.166, -0.204, 0.166, 1.000]
[0.000, -0.150, 0.250, 1.000]
[-0.177, -0.169, 0.177, 1.000]
[0.000, -0.150, 0.250, 1.000]
[0.177, -0.131, 0.177, 1.000]
[0.166, -0.096, 0.166, 1.000]
[0.000, -0.150, 0.250, 1.000]
[0.166, -0.096, 0.166, 1.000]
[0.000, -0.115, 0.235, 1.000]
[0.000, -0.115, 0.235, 1.000]
[0.166, -0.096, 0.166, 1.000]
[0.141, -0.081, 0.141, 1.000]
[0.000, -0.115, 0.235, 1.000]
[0.141, -0.081, 0.141, 1.000]
[0.000, -0.100, 0.200, 1.000]
[0.000, -0.100, 0.200, 1.000]
[0.141, -0.081, 0.141, 1.000]
[0.116, -0.096, 0.116, 1.000]
[0.000, -0.100, 0.200, 1.000]
[0.116, -0.096, 0.116, 1.000]
[0.000, -0.115, 0.165, 1.000]
[0.000, -0.115, 0.165, 1.000]
[0.116, -0.096, 0.116, 1.000]
[0.106, -0.131, 0.106, 1.000]
[0.000, -0.115, 0.165, 1.000]
[0.106, -0.131, 0.106, 1.000]
[0.000, -0.150, 0.150, 1.000]
[0.000, -0.150, 0.150, 1.000]
[0.106, -0.131, 0.106, 1.000]
[0.116, -0.167, 0.116, 1.000]
[0.000, -0.150, 0.150, 1.000]
[0.116, -0.167, 0.116, 1.000]
[0.000, -0.185, 0.165, 1.000]
[0.000, -0.185, 0.165, 1.000]
[0.116, -0.167, 0.116, 1.000]
[0.141, -0.181, 0.141, 1.000]
[0.000, -0.185, 0.165, 1.000]
[0.141, -0.181, 0.141, 1.000]
[0.000, -0.200, 0.200, 1.000]
[0.000, -0.200, 0.200, 1.000]
[0.141, -0.181, 0.141, 1.000]
[0.166, -0.167, 0.166, 1.000]
[0.000, -0.200, 0.200, 1.000]
[0.166, -0.167, 0.166, 1.000]
[0.000, -0.185, 0.235, 1.000]
[0.000, -0.185, 0.235, 1.000]
[0.166, -0.167, 0.166, 1.000]
[0.177, -0.131, 0.177, 1.000]
[0.000, -0.185, 0.235, 1.000]
[0.177, -0.131, 0.177, 1.000]
[0.000, -0.150, 0.250, 1.000]
[0.177, -0.131, 0.177, 1.000]
[0.250, -0.113, -0.000, 1.000]
[0.235, -0.077, -0.000, 1.000]
[0.177, -0.131, 0.177, 1.000]
[0.235, -0.077, -0.000, 1.000]
[0.166, -0.096, 0.166, 1.000]
[0.166, -0.096, 0.166, 1.000]
[0.235, -0.077, -0.000, 1.000]
[0.200, -0.063, -0.000, 1.000]
[0.166, -0.096, 0.166, 1.000]
[0.200, -0.063, -0.000, 1.000]
[0.141, -0.081, 0.141, 1.000]
[0.141, -0.081, 0.141, 1.000]
[0.200, -0.063, -0.000, 1.000]
[0.165, -0.077, -0.000, 1.000]
[0.141, -0.081, 0.141, 1.000]
[0.165, -0.077, -0.000, 1.000]
[0.116, -0.096, 0.116, 1.000]
[0.116, -0.096, 0.116, 1.000]
[0.165, -0.077, -0.000, 1.000]
[0.150, -0.113, -0.000, 1.000]
[0.116, -0.096, 0.116, 1.000]
[0.150, -0.113, -0.000, 1.000]
[0.106, -0.131, 0.106, 1.000]
[0.106, -0.131, 0.106, 1.000]
[0.150, -0.113, -0.000, 1.000]
[0.165, -0.148, -0.000, 1.000]
[0.106, -0.131, 0.106, 1.000]
[0.165, -0.148, -0.000, 1.000]
[0.116, -0.167, 0.116, 1.000]
[0.116, -0.167, 0.116, 1.000]
[0.165, -0.148, -0.000, 1.000]
[0.200, -0.163, -0.000, 1.000]
[0.116, -0.167, 0.116, 1.000]
[0.200, -0.163, -0.000, 1.000]
[0.141, -0.181, 0.141, 1.000]
[0.141, -0.181, 0.141, 1.000]
[0.200, -0.163, -0.000, 1.000]
[0.235, -0.148, -0.000, 1.000]
[0.141, -0.181, 0.141, 1.000]
[0.235, -0.148, -0.000, 1.000]
[0.166, -0.167, 0.166, 1.000]
[0.166, -0.167, 0.166, 1.000]
[0.235, -0.148, -0.000, 1.000]
[0.250, -0.113, -0.000, 1.000]
[0.166, -0.167, 0.166, 1.000]
[0.250, -0.113, -0.000, 1.000]
[0.177, -0.131, 0.177, 1.000]
[0.250, -0.113, -0.000, 1.000]
[0.177, -0.094, -0.177, 1.000]
[0.166, -0.058, -0.166, 1.000]
[0.250, -0.113, -0.000, 1.000]
[0.166, -0.058, -0.166, 1.000]
[0.235, -0.077, -0.000, 1.000]
[0.235, -0.077, -0.000, 1.000]
[0.166, -0.058, -0.166, 1.000]
[0.141, -0.044, -0.141, 1.000]
[0.235, -0.077, -0.000, 1.000]
[0.141, -0.044, -0.141, 1.000]
[0.200, -0.062, -0.000, 1.000]
[0.200, -0.062, -0.000, 1.000]
[0.141, -0.044, -0.141, 1.000]
[0.116, -0.058, -0.116, 1.000]
[0.200, -0.062, -0.000, 1.000]
[0.116, -0.058, -0.116, 1.000]
[0.165, -0.077, -0.000, 1.000]
[0.165, -0.077, -0.000, 1.000]
[0.116, -0.058, -0.116, 1.000]
[0.106, -0.094, -0.106, 1.000]
[0.165, -0.077, -0.000, 1.000]
[0.106, -0.094, -0.106, 1.000]
[0.150, -0.113, -0.000, 1.000]
[0.150, -0.113, -0.000, 1.000]
[0.106, -0.094, -0.106, 1.000]
[0.116, -0.129, -0.116, 1.000]
[0.150, -0.113, -0.000, 1.000]
[0.116, -0.129, -0.116, 1.000]
[0.165, -0.148, -0.000, 1.000]
[0.165, -0.148, -0.000, 1.000]
[0.116, -0.129, -0.116, 1.000]
[0.141, -0.144, -0.141, 1.000]
[0.165, -0.148, -0.000, 1.000]
[0.141, -0.144, -0.141, 1.000]
[0.200, -0.163, -0.000, 1.000]
[0.200, -0.163, -0.000, 1.000]
[0.141, -0.144, -0.141, 1.000]
[0.166, -0.129, -0.166, 1.000]
[0.200, -0.163, -0.000, 1.000]
[0.166, -0.129, -0.166, 1.000]
[0.235, -0.148, -0.000, 1.000]
[0.235, -0.148, -0.000, 1.000]
[0.166, -0.129, -0.166, 1.000]
[0.177, -0.094, -0.177, 1.000]
[0.235, -0.148, -0.000, 1.000]
[0.177, -0.094, -0.177, 1.000]
[0.250, -0.112, -0.000, 1.000]
[0.177, -0.094, -0.177, 1.000]
[-0.000, -0.075, -0.250, 1.000]
[-0.000, -0.040, -0.235, 1.000]
[0.177, -0.094, -0.177, 1.000]
[-0.000, -0.040, -0.235, 1.000]
[0.166, -0.058, -0.166, 1.000]
[0.166, -0.058, -0.166, 1.000]
[-0.000, -0.040, -0.235, 1.000]
[-0.000, -0.025, -0.200, 1.000]
[0.166, -0.058, -0.166, 1.000]
[-0.000, -0.025, -0.200, 1.000]
[0.141, -0.044, -0.141, 1.000]
[0.141, -0.044, -0.141, 1.000]
[-0.000, -0.025, -0.200, 1.000]
[-0.000, -0.040, -0.165, 1.000]
[0.141, -0.044, -0.141, 1.000]
[-0.000, -0.040, -0.165, 1.000]
[0.116, -0.058, -0.116, 1.000]
[0.116, -0.058, -0.116, 1.000]
[-0.000, -0.040, -0.165, 1.000]
[-0.000, -0.075, -0.150, 1.000]
[0.116, -0.058, -0.116, 1.000]
[-0.000, -0.075, -0.150, 1.000]
[0.106, -0.094, -0.106, 1.000]
[0.106, -0.094, -0.106, 1.000]
[-0.000, -0.075, -0.150, 1.000]
[-0.000, -0.110, -0.165, 1.000]
[0.106, -0.094, -0.106, 1.000]
[-0.000, -0.110, -0.165, 1.000]
[0.116, -0.129, -0.116, 1.000]
[0.116, -0.129, -0.116, 1.000]
[-0.000, -0.110, -0.165, 1.000]
[-0.000, -0.125, -0.200, 1.000]
[0.116, -0.129, -0.116, 1.000]
[-0.000, -0.125, -0.200, 1.000]
[0.141, -0.144, -0.141, 1.000]
[0.141, -0.144, -0.141, 1.000]
[-0.000, -0.125, -0.200, 1.000]
[-0.000, -0.110, -0.235, 1.000]
[0.141, -0.144, -0.141, 1.000]
[-0.000, -0.110, -0.235, 1.000]
[0.166, -0.129, -0.166, 1.000]
[0.166, -0.129, -0.166, 1.000]
[-0.000, -0.110, -0.235, 1.000]
[-0.000, -0.075, -0.250, 1.000]
[0.166, -0.129, -0.166, 1.000]
[-0.000, -0.075, -0.250, 1.000]
[0.177, -0.094, -0.177, 1.000]
[-0.000, -0.075, -0.250, 1.000]
[-0.177, -0.056, -0.177, 1.000]
[-0.166, -0.021, -0.166, 1.000]
[-0.000, -0.075, -0.250, 1.000]
[-0.166, -0.021, -0.166, 1.000]
[-0.000, -0.040, -0.235, 1.000]
[-0.000, -0.040, -0.235, 1.000]
[-0.166, -0.021, -0.166, 1.000]
[-0.141, -0.006, -0.141, 1.000]
[-0.000, -0.040, -0.235, 1.000]
[-0.141, -0.006, -0.141, 1.000]
[-0.000, -0.025, -0.200, 1.000]
[-0.000, -0.025, -0.200, 1.000]
[-0.141, -0.006, -0.141, 1.000]
[-0.116, -0.021, -0.116, 1.000]
[-0.000, -0.025, -0.200, 1.000]
[-0.116, -0.021, -0.116, 1.000]
[-0.000, -0.040, -0.165, 1.000]
[-0.000, -0.040, -0.165, 1.000]
[-0.116, -0.021, -0.116, 1.000]
[-0.106, -0.056, -0.106, 1.000]
[-0.000, -0.040, -0.165, 1.000]
[-0.106, -0.056, -0.106, 1.000]
[-0.000, -0.075, -0.150, 1.000]
[-0.000, -0.075, -0.150, 1.000]
[-0.106, -0.056, -0.106, 1.000]
[-0.116, -0.092, -0.116, 1.000]
[-0.000, -0.075, -0.150, 1.000]
[-0.116, -0.092, -0.116, 1.000]
[-0.000, -0.110, -0.165, 1.000]
[-0.000, -0.110, -0.165, 1.000]
[-0.116, -0.092, -0.116, 1.000]
[-0.141, -0.106, -0.141, 1.000]
[-0.000, -0.110, -0.165, 1.000]
[-0.141, -0.106, -0.141, 1.000]
[-0.000, -0.125, -0.200, 1.000]
[-0.000, -0.125, -0.200, 1.000]
[-0.141, -0.106, -0.141, 1.000]
[-0.166, -0.092, -0.166, 1.000]
[-0.000, -0.125, -0.200, 1.000]
[-0.166, -0.092, -0.166, 1.000]
[-0.000, -0.110, -0.235, 1.000]
[-0.000, -0.110, -0.235, 1.000]
[-0.166, -0.092, -0.166, 1.000]
[-0.177, -0.056, -0.177, 1.000]
[-0.000, -0.110, -0.235, 1.000]
[-0.177, -0.056, -0.177, 1.000]
[-0.000, -0.075, -0.250, 1.000]
[-0.177, -0.056, -0.177, 1.000]
[-0.250, -0.038, 0.000, 1.000]
[-0.235, -0.002, 0.000, 1.000]
[-0.177, -0.056, -0.177, 1.000]
[-0.235, -0.002, 0.000, 1.000]
[-0.166, -0.021, -0.166, 1.000]
[-0.166, -0.021, -0.166, 1.000]
[-0.235, -0.002, 0.000, 1.000]
[-0.200, 0.012, 0.000, 1.000]
[-0.166, -0.021, -0.166, 1.000]
[-0.200, 0.012, 0.000, 1.000]
[-0.141, -0.006, -0.141, 1.000]
[-0.141, -0.006, -0.141, 1.000]
[-0.200, 0.012, 0.000, 1.000]
[-0.165, -0.002, 0.000, 1.000]
[-0.141, -0.006, -0.141, 1.000]
[-0.165, -0.002, 0.000, 1.000]
[-0.116, -0.021, -0.116, 1.000]
[-0.116, -0.021, -0.116, 1.000]
[-0.165, -0.002, 0.000, 1.000]
[-0.150, -0.038, 0.000, 1.000]
[-0.116, -0.021, -0.116, 1.000]
[-0.150, -0.038, 0.000, 1.000]
[-0.106, -0.056, -0.106, 1.000]
[-0.106, -0.056, -0.106, 1.000]
[-0.150, -0.038, 0.000, 1.000]
[-0.165, -0.073, 0.000, 1.000]
[-0.106, -0.056, -0.106, 1.000]
[-0.165, -0.073, 0.000, 1.000]
[-0.116, -0.092, -0.116, 1.000]
[-0.116, -0.092, -0.116, 1.000]
[-0.165, -0.073, 0.000, 1.000]
[-0.200, -0.088, 0.000, 1.000]
[-0.116, -0.092, -0.116, 1.000]
[-0.200, -0.088, 0.000, 1.000]
[-0.141, -0.106, -0.141, 1.000]
[-0.141, -0.106, -0.141, 1.000]
[-0.200, -0.088, 0.000, 1.000]
[-0.235, -0.073, 0.000, 1.000]
[-0.141, -0.106, -0.141, 1.000]
[-0.235, -0.073, 0.000, 1.000]
[-0.166, -0.092, -0.166, 1.000]
[-0.166, -0.092, -0.166, 1.000]
[-0.235, -0.073, 0.000, 1.000]
[-0.250, -0.037, 0.000, 1.000]
[-0.166, -0.092, -0.166, 1.000]
[-0.250, -0.037, 0.000, 1.000]
[-0.177, -0.056, -0.177, 1.000]
[-0.250, -0.038, 0.000, 1.000]
[-0.177, -0.019, 0.177, 1.000]
[-0.166, 0.017, 0.166, 1.000]
[-0.250, -0.038, 0.000, 1.000]
[-0.166, 0.017, 0.166, 1.000]
[-0.235, -0.002, 0.000, 1.000]
[-0.235, -0.002, 0.000, 1.000]
[-0.166, 0.017, 0.166, 1.000]
[-0.141, 0.031, 0.141, 1.000]
[-0.235, -0.002, 0.000, 1.000]
[-0.141, 0.031, 0.141, 1.000]
[-0.200, 0.012, 0.000, 1.000]
[-0.200, 0.012, 0.000, 1.000]
[-0.141, 0.031, 0.141, 1.000]
[-0.116, 0.017, 0.116, 1.000]
[-0.200, 0.012, 0.000, 1.000]
[-0.116, 0.017, 0.116, 1.000]
[-0.165, -0.002, 0.000, 1.000]
[-0.165, -0.002, 0.000, 1.000]
[-0.116, 0.017, 0.116, 1.000]
[-0.106, -0.019, 0.106, 1.000]
[-0.165, -0.002, 0.000, 1.000]
[-0.106, -0.019, 0.106, 1.000]
[-0.150, -0.038, 0.000, 1.000]
[-0.150, -0.038, 0.000, 1.000]
[-0.106, -0.019, 0.106, 1.000]
[-0.116, -0.054, 0.116, 1.000]
[-0.150, -0.038, 0.000, 1.000]
[-0.116, -0.054, 0.116, 1.000]
[-0.165, -0.073, 0.000, 1.000]
[-0.165, -0.073, 0.000, 1.000]
[-0.116, -0.054, 0.116, 1.000]
[-0.141, -0.069, 0.141, 1.000]
[-0.165, -0.073, 0.000, 1.000]
[-0.141, -0.069, 0.141, 1.000]
[-0.200, -0.088, 0.000, 1.000]
[-0.200, -0.088, 0.000, 1.000]
[-0.141, -0.069, 0.141, 1.000]
[-0.166, -0.054, 0.166, 1.000]
[-0.200, -0.088, 0.000, 1.000]
[-0.166, -0.054, 0.166, 1.000]
[-0.235, -0.073, 0.000, 1.000]
[-0.235, -0.073, 0.000, 1.000]
[-0.166, -0.054, 0.166, 1.000]
[-0.177, -0.019, 0.177, 1.000]
[-0.235, -0.073, 0.000, 1.000]
[-0.177, -0.019, 0.177, 1.000]
[-0.250, -0.037, 0.000, 1.000]
[-0.177, -0.019, 0.177, 1.000]
[0.000, 0.000, 0.250, 1.000]
[0.000, 0.035, 0.235, 1.000]
[-0.177, -0.019, 0.177, 1.000]
[0.000, 0.035, 0.235, 1.000]
[-0.166, 0.017, 0.166, 1.000]
[-0.166, 0.017, 0.166, 1.000]
[0.000, 0.035, 0.235, 1.000]
[0.000, 0.050, 0.200, 1.000]
[-0.166, 0.017, 0.166, 1.000]
[0.000, 0.050, 0.200, 1.000]
[-0.141, 0.031, 0.141, 1.000]
[-0.141, 0.031, 0.141, 1.000]
[0.000, 0.050, 0.200, 1.000]
[0.000, 0.035, 0.165, 1.000]
[-0.141, 0.031, 0.141, 1.000]
[0.000, 0.035, 0.165, 1.000]
[-0.116, 0.017, 0.116, 1.000]
[-0.116, 0.017, 0.116, 1.000]
[0.000, 0.035, 0.165, 1.000]
[0.000, -0.000, 0.150, 1.000]
[-0.116, 0.017, 0.116, 1.000]
[0.000, -0.000, 0.150, 1.000]
[-0.106, -0.019, 0.106, 1.000]
[-0.106, -0.019, 0.106, 1.000]
[0.000, -0.000, 0.150, 1.000]
[0.000, -0.035, 0.165, 1.000]
[-0.106, -0.019, 0.106, 1.000]
[0.000, -0.035, 0.165, 1.000]
[-0.116, -0.054, 0.116, 1.000]
[-0.116, -0.054, 0.116, 1.000]
[0.000, -0.035, 0.165, 1.000]
[0.000, -0.050, 0.200, 1.000]
[-0.116, -0.054, 0.116, 1.000]
[0.000, -0.050, 0.200, 1.000]
[-0.141, -0.069, 0.141, 1.000]
[-0.141, -0.069, 0.141, 1.000]
[0.000, -0.050, 0.200, 1.000]
[0.000, -0.035, 0.235, 1.000]
[-0.141, -0.069, 0.141, 1.000]
[0.000, -0.035, 0.235, 1.000]
[-0.166, -0.054, 0.166, 1.000]
[-0.166, -0.054, 0.166, 1.000]
[0.000, -0.035, 0.235, 1.000]
[0.000, 0.000, 0.250, 1.000]
[-0.166, -0.054, 0.166, 1.000]
[0.000, 0.000, 0.250, 1.000]
[-0.177, -0.019, 0.177, 1.000]
[0.000, 0.000, 0.250, 1.000]
[0.177, 0.019, 0.177, 1.000]
[0.166, 0.054, 0.166, 1.000]
[0.000, 0.000, 0.250, 1.000]
[0.166, 0.054, 0.166, 1.000]
[0.000, 0.035, 0.235, 1.000]
[0.000, 0.035, 0.235, 1.000]
[0.166, 0.054, 0.166, 1.000]
[0.141, 0.069, 0.141, 1.000]
[0.000, 0.035, 0.235, 1.000]
[0.141, 0.069, 0.141, 1.000]
[0.000, 0.050, 0.200, 1.000]
[0.000, 0.050, 0.200, 1.000]
[0.141, 0.069, 0.141, 1.000]
[0.116, 0.054, 0.116, 1.000]
[0.000, 0.050, 0.200, 1.000]
[0.116, 0.054, 0.116, 1.000]
[0.000, 0.035, 0.165, 1.000]
[0.000, 0.035, 0.165, 1.000]
[0.116, 0.054, 0.116, 1.000]
[0.106, 0.019, 0.106, 1.000]
[0.000, 0.035, 0.165, 1.000]
[0.106, 0.019, 0.106, 1.000]
[0.000, -0.000, 0.150, 1.000]
[0.000, -0.000, 0.150, 1.000]
[0.106, 0.019, 0.106, 1.000]
[0.116, -0.017, 0.116, 1.000]
[0.000, -0.000, 0.150, 1.000]
[0.116, -0.017, 0.116, 1.000]
[0.000, -0.035, 0.165, 1.000]
[0.000, -0.035, 0.165, 1.000]
[0.116, -0.017, 0.116, 1.000]
[0.141, -0.031, 0.141, 1.000]
[0.000, -0.035, 0.165, 1.000]
[0.141, -0.031, 0.141, 1.000]
[0.000, -0.050, 0.200, 1.000]
[0.000, -0.050, 0.200, 1.000]
[0.141, -0.031, 0.141, 1.000]
[0.166, -0.017, 0.166, 1.000]
[0.000, -0.050, 0.200, 1.000]
[0.166, -0.017, 0.166, 1.000]
[0.000, -0.035, 0.235, 1.000]
[0.000, -0.035, 0.235, 1.000]
[0.166, -0.017, 0.166, 1.000]
[0.177, 0.019, 0.177, 1.000]
[0.000, -0.035, 0.235, 1.000]
[0.177, 0.019, 0.177, 1.000]
[0.000, 0.000, 0.250, 1.000]
[0.177, 0.019, 0.177, 1.000]
[0.250, 0.038, -0.000, 1.000]
[0.235, 0.073, -0.000, 1.000]
[0.177, 0.019, 0.177, 1.000]
[0.235, 0.073, -0.000, 1.000]
[0.166, 0.054, 0.166, 1.000]
[0.166, 0.054, 0.166, 1.000]
[0.235, 0.073, -0.000, 1.000]
[0.200, 0.088, -0.000, 1.000]
[0.166, 0.054, 0.166, 1.000]
[0.200, 0.088, -0.000, 1.000]
[0.141, 0.069, 0.141, 1.000]
[0.141, 0.069, 0.141, 1.000]
[0.200, 0.088, -0.000, 1.000]
[0.165, 0.073, -0.000, 1.000]
[0.141, 0.069, 0.141, 1.000]
[0.165, 0.073, -0.000, 1.000]
[0.116, 0.054, 0.116, 1.000]
[0.116, 0.054, 0.116, 1.000]
[0.165, 0.073, -0.000, 1.000]
[0.150, 0.037, -0.000, 1.000]
[0.116, 0.054, 0.116, 1.000]
[0.150, 0.037, -0.000, 1.000]
[0.106, 0.019, 0.106, 1.000]
[0.106, 0.019, 0.106, 1.000]
[0.150, 0.037, -0.000, 1.000]
[0.165, 0.002, -0.000, 1.000]
[0.106, 0.019, 0.106, 1.000]
[0.165, 0.002, -0.000, 1.000]
[0.116, -0.017, 0.116, 1.000]
[0.116, -0.017, 0.116, 1.000]
[0.165, 0.002, -0.000, 1.000]
[0.200, -0.012, -0.000, 1.000]
[0.116, -0.017, 0.116, 1.000]
[0.200, -0.012, -0.000, 1.000]
[0.141, -0.031, 0.141, 1.000]
[0.141, -0.031, 0.141, 1.000]
[0.200, -0.012, -0.000, 1.000]
[0.235, 0.002, -0.000, 1.000]
[0.141, -0.031, 0.141, 1.000]
[0.235, 0.002, -0.000, 1.000]
[0.166, -0.017, 0.166, 1.000]
[0.166, -0.017, 0.166, 1.000]
[0.235, 0.002, -0.000, 1.000]
[0.250, 0.038, -0.000, 1.000]
[0.166, -0.017, 0.166, 1.000]
[0.250, 0.038, -0.000, 1.000]
[0.177, 0.019, 0.177, 1.000]
[0.250, 0.038, -0.000, 1.000]
[0.177, 0.056, -0.177, 1.000]
[0.166, 0.092, -0.166, 1.000]
[0.250, 0.038, -0.000, 1.000]
[0.166, 0.092, -0.166, 1.000]
[0.235, 0.073, -0.000, 1.000]
[0.235, 0.073, -0.000, 1.000]
[0.166, 0.092, -0.166, 1.000]
[0.141, 0.106, -0.141, 1.000]
[0.235, 0.073, -0.000, 1.000]
[0.141, 0.106, -0.141, 1.000]
[0.200, 0.088, -0.000, 1.000]
[0.200, 0.088, -0.000, 1.000]
[0.141, 0.106, -0.141, 1.000]
[0.116, 0.092, -0.116, 1.000]
[0.200, 0.088, -0.000, 1.000]
[0.116, 0.092, -0.116, 1.000]
[0.165, 0.073, -0.000, 1.000]
[0.165, 0.073, -0.000, 1.000]
[0.116, 0.092, -0.116, 1.000]
[0.106, 0.056, -0.106, 1.000]
[0.165, 0.073, -0.000, 1.000]
[0.106, 0.056, -0.106, 1.000]
[0.150, 0.037, -0.000, 1.000]
[0.150, 0.037, -0.000, 1.000]
[0.106, 0.056, -0.106, 1.000]
[0.116, 0.021, -0.116, 1.000]
[0.150, 0.037, -0.000, 1.000]
[0.116, 0.021, -0.116, 1.000]
[0.165, 0.002, -0.000, 1.000]
[0.165, 0.002, -0.000, 1.000]
[0.116, 0.021, -0.116, 1.000]
[0.141, 0.006, -0.141, 1.000]
[0.165, 0.002, -0.000, 1.000]
[0.141, 0.006, -0.141, 1.000]
[0.200, -0.012, -0.000, 1.000]
[0.200, -0.012, -0.000, 1.000]
[0.141, 0.006, -0.141, 1.000]
[0.166, 0.021, -0.166, 1.000]
[0.200, -0.012, -0.000, 1.000]
[0.166, 0.021, -0.166, 1.000]
[0.235, 0.002, -0.000, 1.000]
[0.235, 0.002, -0.000, 1.000]
[0.166, 0.021, -0.166, 1.000]
[0.177, 0.056, -0.177, 1.000]
[0.235, 0.002, -0.000, 1.000]
[0.177, 0.056, -0.177, 1.000]
[0.250, 0.038, -0.000, 1.000]
[0.177, 0.056, -0.177, 1.000]
[-0.000, 0.075, -0.250, 1.000]
[-0.000, 0.110, -0.235, 1.000]
[0.177, 0.056, -0.177, 1.000]
[-0.000, 0.110, -0.235, 1.000]
[0.166, 0.092, -0.166, 1.000]
[0.166, 0.092, -0.166, 1.000]
[-0.000, 0.110, -0.235, 1.000]
[-0.000, 0.125, -0.200, 1.000]
[0.166, 0.092, -0.166, 1.000]
[-0.000, 0.125, -0.200, 1.000]
[0.141, 0.106, -0.141, 1.000]
[0.141, 0.106, -0.141, 1.000]
[-0.000, 0.125, -0.200, 1.000]
[-0.000, 0.110, -0.165, 1.000]
[0.141, 0.106, -0.141, 1.000]
[-0.000, 0.110, -0.165, 1.000]
[0.116, 0.092, -0.116, 1.000]
[0.116, 0.092, -0.116, 1.000]
[-0.000, 0.110, -0.165, 1.000]
[-0.000, 0.075, -0.150, 1.000]
[0.116, 0.092, -0.116, 1.000]
[-0.000, 0.075, -0.150, 1.000]
[0.106, 0.056, -0.106, 1.000]
[0.106, 0.056, -0.106, 1.000]
[-0.000, 0.075, -0.150, 1.000]
[-0.000, 0.040, -0.165, 1.000]
[0.106, 0.056, -0.106, 1.000]
[-0.000, 0.040, -0.165, 1.000]
[0.116, 0.021, -0.116, 1.000]
[0.116, 0.021, -0.116, 1.000]
[-0.000, 0.040, -0.165, 1.000]
[-0.000, 0.025, -0.200, 1.000]
[0.116, 0.021, -0.116, 1.000]
[-0.000, 0.025, -0.200, 1.000]
[0.141, 0.006, -0.141, 1.000]
[0.141, 0.006, -0.141, 1.000]
[-0.000, 0.025, -0.200, 1.000]
[-0.000, 0.040, -0.235, 1.000]
[0.141, 0.006, -0.141, 1.000]
[-0.000, 0.040, -0.235, 1.000]
[0.166, 0.021, -0.166, 1.000]
[0.166, 0.021, -0.166, 1.000]
[-0.000, 0.040, -0.235, 1.000]
[-0.000, 0.075, -0.250, 1.000]
[0.166, 0.021, -0.166, 1.000]
[-0.000, 0.075, -0.250, 1.000]
[0.177, 0.056, -0.177, 1.000]
[-0.000, 0.075, -0.250, 1.000]
[-0.177, 0.094, -0.177, 1.000]
[-0.166, 0.129, -0.166, 1.000]
[-0.000, 0.075, -0.250, 1.000]
[-0.166, 0.129, -0.166, 1.000]
[-0.000, 0.110, -0.235, 1.000]
[-0.000, 0.110, -0.235, 1.000]
[-0.166, 0.129, -0.166, 1.000]
[-0.141, 0.144, -0.141, 1.000]
[-0.000, 0.110, -0.235, 1.000]
[-0.141, 0.144, -0.141, 1.000]
[-0.000, 0.125, -0.200, 1.000]
[-0.000, 0.125, -0.200, 1.000]
[-0.141, 0.144, -0.141, 1.000]
[-0.116, 0.129, -0.116, 1.000]
[-0.000, 0.125, -0.200, 1.000]
[-0.116, 0.129, -0.116, 1.000]
[-0.000, 0.110, -0.165, 1.000]
[-0.000, 0.110, -0.165, 1.000]
[-0.116, 0.129, -0.116, 1.000]
[-0.106, 0.094, -0.106, 1.000]
[-0.000, 0.110, -0.165, 1.000]
[-0.106, 0.094, -0.106, 1.000]
[-0.000, 0.075, -0.150, 1.000]
[-0.000, 0.075, -0.150, 1.000]
[-0.106, 0.094, -0.106, 1.000]
[-0.116, 0.058, -0.116, 1.000]
[-0.000, 0.075, -0.150, 1.000]
[-0.116, 0.058, -0.116, 1.000]
[-0.000, 0.040, -0.165, 1.000]
[-0.000, 0.040, -0.165, 1.000]
[-0.116, 0.058, -0.116, 1.000]
[-0.141, 0.044, -0.141, 1.000]
[-0.000, 0.040, -0.165, 1.000]
[-0.141, 0.044, -0.141, 1.000]
[-0.000, 0.025, -0.200, 1.000]
[-0.000, 0.025, -0.200, 1.000]
[-0.141, 0.044, -0.141, 1.000]
[-0.166, 0.058, -0.166, 1.000]
[-0.000, 0.025, -0.200, 1.000]
[-0.166, 0.058, -0.166, 1.000]
[-0.000, 0.040, -0.235, 1.000]
[-0.000, 0.040, -0.235, 1.000]
[-0.166, 0.058, -0.166, 1.000]
[-0.177, 0.094, -0.177, 1.000]
[-0.000, 0.040, -0.235, 1.000]
[-0.177, 0.094, -0.177, 1.000]
[-0.000, 0.075, -0.250, 1.000]
[-0.177, 0.094, -0.177, 1.000]
[-0.250, 0.112, 0.000, 1.000]
[-0.235, 0.148, 0.000, 1.000]
[-0.177, 0.094, -0.177, 1.000]
[-0.235, 0.148, 0.000, 1.000]
[-0.166, 0.129, -0.166, 1.000]
[-0.166, 0.129, -0.166, 1.000]
[-0.235, 0.148, 0.000, 1.000]
[-0.200, 0.162, 0.000, 1.000]
[-0.166, 0.129, -0.166, 1.000]
[-0.200, 0.162, 0.000, 1.000]
[-0.141, 0.144, -0.141, 1.000]
[-0.141, 0.144, -0.141, 1.000]
[-0.200, 0.162, 0.000, 1.000]
[-0.165, 0.148, 0.000, 1.000]
[-0.141, 0.144, -0.141, 1.000]
[-0.165, 0.148, 0.000, 1.000]
[-0.116, 0.129, -0.116, 1.000]
[-0.116, 0.129, -0.116, 1.000]
[-0.165, 0.148, 0.000, 1.000]
[-0.150, 0.112, 0.000, 1.000]
[-0.116, 0.129, -0.116, 1.000]
[-0.150, 0.112, 0.000, 1.000]
[-0.106, 0.094, -0.106, 1.000]
[-0.106, 0.094, -0.106, 1.000]
[-0.150, 0.112, 0.000, 1.000]
[-0.165, 0.077, 0.000, 1.000]
[-0.106, 0.094, -0.106, 1.000]
[-0.165, 0.077, 0.000, 1.000]
[-0.116, 0.058, -0.116, 1.000]
[-0.116, 0.058, -0.116, 1.000]
[-0.165, 0.077, 0.000, 1.000]
[-0.200, 0.062, 0.000, 1.000]
[-0.116, 0.058, -0.116, 1.000]
[-0.200, 0.062, 0.000, 1.000]
[-0.141, 0.044, -0.141, 1.000]
[-0.141, 0.044, -0.141, 1.000]
[-0.200, 0.062, 0.000, 1.000]
[-0.235, 0.077, 0.000, 1.000]
[-0.141, 0.044, -0.141, 1.000]
[-0.235, 0.077, 0.000, 1.000]
[-0.166, 0.058, -0.166, 1.000]
[-0.166, 0.058, -0.166, 1.000]
[-0.235, 0.077, 0.000, 1.000]
[-0.250, 0.113, 0.000, 1.000]
[-0.166, 0.058, -0.166, 1.000]
[-0.250, 0.113, 0.000, 1.000]
[-0.177, 0.094, -0.177, 1.000]
[-0.250, 0.113, 0.000, 1.000]
[-0.177, 0.131, 0.177, 1.000]
[-0.166, 0.167, 0.166, 1.000]
[-0.250, 0.113, 0.000, 1.000]
[-0.166, 0.167, 0.166, 1.000]
[-0.235, 0.148, 0.000, 1.000]
[-0.235, 0.148, 0.000, 1.000]
[-0.166, 0.167, 0.166, 1.000]
[-0.141, 0.181, 0.141, 1.000]
[-0.235, 0.148, 0.000, 1.000]
[-0.141, 0.181, 0.141, 1.000]
[-0.200, 0.163, 0.000, 1.000]
[-0.200, 0.163, 0.000, 1.000]
[-0.141, 0.181, 0.141, 1.000]
[-0.116, 0.167, 0.116, 1.000]
[-0.200, 0.163, 0.000, 1.000]
[-0.116, 0.167, 0.116, 1.000]
[-0.165, 0.148, 0.000, 1.000]
[-0.165, 0.148, 0.000, 1.000]
[-0.116, 0.167, 0.116, 1.000]
[-0.106, 0.131, 0.106, 1.000]
[-0.165, 0.148, 0.000, 1.000]
[-0.106, 0.131, 0.106, 1.000]
[-0.150, 0.112, 0.000, 1.000]
[-0.150, 0.112, 0.000, 1.000]
[-0.106, 0.131, 0.106, 1.000]
[-0.116, 0.096, 0.116, 1.000]
[-0.150, 0.112, 0.000, 1.000]
[-0.116, 0.096, 0.116, 1.000]
[-0.165, 0.077, 0.000, 1.000]
[-0.165, 0.077, 0.000, 1.000]
[-0.116, 0.096, 0.116, 1.000]
[-0.141, 0.081, 0.141, 1.000]
[-0.165, 0.077, 0.000, 1.000]
[-0.141, 0.081, 0.141, 1.000]
[-0.200, 0.062, 0.000, 1.000]
[-0.200, 0.062, 0.000, 1.000]
[-0.141, 0.081, 0.141, 1.000]
[-0.166, 0.096, 0.166, 1.000]
[-0.200, 0.062, 0.000, 1.000]
[-0.166, 0.096, 0.166, 1.000]
[-0.235, 0.077, 0.000, 1.000]
[-0.235, 0.077, 0.000, 1.000]
[-0.166, 0.096, 0.166, 1.000]
[-0.177, 0.131, 0.177, 1.000]
[-0.235, 0.077, 0.000, 1.000]
[-0.177, 0.131, 0.177, 1.000]
[-0.250, 0.113, 0.000, 1.000]
[-0.177, 0.131, 0.177, 1.000]
[0.000, 0.150, 0.250, 1.000]
[0.000, 0.185, 0.235, 1.000]
[-0.177, 0.131, 0.177, 1.000]
[0.000, 0.185, 0.235, 1.000]
[-0.166, 0.167, 0.166, 1.000]
[-0.166, 0.167, 0.166, 1.000]
[0.000, 0.185, 0.235, 1.000]
[0.000, 0.200, 0.200, 1.000]
[-0.166, 0.167, 0.166, 1.000]
[0.000, 0.200, 0.200, 1.000]
[-0.141, 0.181, 0.141, 1.000]
[-0.141, 0.181, 0.141, 1.000]
[0.000, 0.200, 0.200, 1.000]
[0.000, 0.185, 0.165, 1.000]
[-0.141, 0.181, 0.141, 1.000]
[0.000, 0.185, 0.165, 1.000]
[-0.116, 0.167, 0.116, 1.000]
[-0.116, 0.167, 0.116, 1.000]
[0.000, 0.185, 0.165, 1.000]
[0.000, 0.150, 0.150, 1.000]
[-0.116, 0.167, 0.116, 1.000]
[0.000, 0.150, 0.150, 1.000]
[-0.106, 0.131, 0.106, 1.000]
[-0.106, 0.131, 0.106, 1.000]
[0.000, 0.150, 0.150, 1.000]
[0.000, 0.115, 0.165, 1.000]
[-0.106, 0.131, 0.106, 1.000]
[0.000, 0.115, 0.165, 1.000]
[-0.116, 0.096, 0.116, 1.000]
[-0.116, 0.096, 0.116, 1.000]
[0.000, 0.115, 0.165, 1.000]
[0.000, 0.100, 0.200, 1.000]
[-0.116, 0.096, 0.116, 1.000]
[0.000, 0.100, 0.200, 1.000]
[-0.141, 0.081, 0.141, 1.000]
[-0.141, 0.081, 0.141, 1.000]
[0.000, 0.100, 0.200, 1.000]
[0.000, 0.115, 0.235, 1.000]
[-0.141, 0.081, 0.141, 1.000]
[0.000, 0.115, 0.235, 1.000]
[-0.166, 0.096, 0.166, 1.000]
[-0.166, 0.096, 0.166, 1.000]
[0.000, 0.115, 0.235, 1.000]
[0.000, 0.150, 0.250, 1.000]
[-0.166, 0.096, 0.166, 1.000]
[0.000, 0.150, 0.250, 1.000]
[-0.177, 0.131, 0.177, 1.000]
[0.000, 0.150, 0.250, 1.000]
[0.177, 0.169, 0.177, 1.000]
[0.166, 0.204, 0.166, 1.000]
[0.000, 0.150, 0.250, 1.000]
[0.166, 0.204, 0.166, 1.000]
[0.000, 0.185, 0.235, 1.000]
[0.000, 0.185, 0.235, 1.000]
[0.166, 0.204, 0.166, 1.000]
[0.141, 0.219, 0.141, 1.000]
[0.000, 0.185, 0.235, 1.000]
[0.141, 0.219, 0.141, 1.000]
[0.000, 0.200, 0.200, 1.000]
[0.000, 0.200, 0.200, 1.000]
[0.141, 0.219, 0.141, 1.000]
[0.116, 0.204, 0.116, 1.000]
[0.000, 0.200, 0.200, 1.000]
[0.116, 0.204, 0.116, 1.000]
[0.000, 0.185, 0.165, 1.000]
[0.000, 0.185, 0.165, 1.000]
[0.116, 0.204, 0.116, 1.000]
[0.106, 0.169, 0.106, 1.000]
[0.000, 0.185, 0.165, 1.000]
[0.106, 0.169, 0.106, 1.000]
[0.000, 0.150, 0.150, 1.000]
[0.000, 0.150, 0.150, 1.000]
[0.106, 0.169, 0.106, 1.000]
[0.116, 0.133, 0.116, 1.000]
[0.000, 0.150, 0.150, 1.000]
[0.116, 0.133, 0.116, 1.000]
[0.000, 0.115, 0.165, 1.000]
[0.000, 0.115, 0.165, 1.000]
[0.116, 0.133, 0.116, 1.000]
[0.141, 0.119, 0.141, 1.000]
[0.000, 0.115, 0.165, 1.000]
[0.141, 0.119, 0.141, 1.000]
[0.000, 0.100, 0.200, 1.000]
[0.000, 0.100, 0.200, 1.000]
[0.141, 0.119, 0.141, 1.000]
[0.166, 0.133, 0.166, 1.000]
[0.000, 0.100, 0.200, 1.000]
[0.166, 0.133, 0.166, 1.000]
[0.000, 0.115, 0.235, 1.000]
[0.000, 0.115, 0.235, 1.000]
[0.166, 0.133, 0.166, 1.000]
[0.177, 0.169, 0.177, 1.000]
[0.000, 0.115, 0.235, 1.000]
[0.177, 0.169, 0.177, 1.000]
[0.000, 0.150, 0.250, 1.000]
[0.177, 0.169, 0.177, 1.000]
[0.250, 0.188, -0.000, 1.000]
[0.235, 0.223, -0.000, 1.000]
[0.177, 0.169, 0.177, 1.000]
[0.235, 0.223, -0.000, 1.000]
[0.166, 0.204, 0.166, 1.000]
[0.166, 0.204, 0.166, 1.000]
[0.235, 0.223, -0.000, 1.000]
[0.200, 0.237, -0.000, 1.000]
[0.166, 0.204, 0.166, 1.000]
[0.200, 0.237, -0.000, 1.000]
[0.141, 0.219, 0.141, 1.000]
[0.141, 0.219, 0.141, 1.000]
[0.200, 0.237, -0.000, 1.000]
[0.165, 0.223, -0.000, 1.000]
[0.141, 0.219, 0.141, 1.000]
[0.165, 0.223, -0.000, 1.000]
[0.116, 0.204, 0.116, 1.000]
[0.116, 0.204, 0.116, 1.000]
[0.165, 0.223, -0.000, 1.000]
[0.150, 0.188, -0.000, 1.000]
[0.116, 0.204, 0.116, 1.000]
[0.150, 0.188, -0.000, 1.000]
[0.106, 0.169, 0.106, 1.000]
[0.106, 0.169, 0.106, 1.000]
[0.150, 0.188, -0.000, 1.000]
[0.165, 0.152, -0.000, 1.000]
[0.106, 0.169, 0.106, 1.000]
[0.165, 0.152, -0.000, 1.000]
[0.116, 0.133, 0.116, 1.000]
[0.116, 0.133, 0.116, 1.000]
[0.165, 0.152, -0.000, 1.000]
[0.200, 0.138, -0.000, 1.000]
[0.116, 0.133, 0.116, 1.000]
[0.200, 0.138, -0.000, 1.000]
[0.141, 0.119, 0.141, 1.000]
[0.141, 0.119, 0.141, 1.000]
[0.200, 0.138, -0.000, 1.000]
[0.235, 0.152, -0.000, 1.000]
[0.141, 0.119, 0.141, 1.000]
[0.235, 0.152, -0.000, 1.000]
[0.166, 0.133, 0.166, 1.000]
[0.166, 0.133, 0.166, 1.000]
[0.235, 0.152, -0.000, 1.000]
[0.250, 0.188, -0.000, 1.000]
[0.166, 0.133, 0.166, 1.000]
[0.250, 0.188, -0.000, 1.000]
[0.177, 0.169, 0.177, 1.000]
[0.250, 0.188, -0.000, 1.000]
[0.177, 0.206, -0.177, 1.000]
[0.166, 0.242, -0.166, 1.000]
[0.250, 0.188, -0.000, 1.000]
[0.166, 0.242, -0.166, 1.000]
[0.235, 0.223, -0.000, 1.000]
[0.235, 0.223, -0.000, 1.000]
[0.166, 0.242, -0.166, 1.000]
[0.141, 0.256, -0.141, 1.000]
[0.235, 0.223, -0.000, 1.000]
[0.141, 0.256, -0.141, 1.000]
[0.200, 0.237, -0.000, 1.000]
[0.200, 0.237, -0.000, 1.000]
[0.141, 0.256, -0.141, 1.000]
[0.116, 0.242, -0.116, 1.000]
[0.200, 0.237, -0.000, 1.000]
[0.116, 0.242, -0.116, 1.000]
[0.165, 0.223, -0.000, 1.000]
[0.165, 0.223, -0.000, 1.000]
[0.116, 0.242, -0.116, 1.000]
[0.106, 0.206, -0.106, 1.000]
[0.165, 0.223, -0.000, 1.000]
[0.106, 0.206, -0.106, 1.000]
[0.150, 0.188, -0.000, 1.000]
[0.150, 0.188, -0.000, 1.000]
[0.106, 0.206, -0.106, 1.000]
[0.116, 0.171, -0.116, 1.000]
[0.150, 0.188, -0.000, 1.000]
[0.116, 0.171, -0.116, 1.000]
[0.165, 0.152, -0.000, 1.000]
[0.165, 0.152, -0.000, 1.000]
[0.116, 0.171, -0.116, 1.000]
[0.141, 0.156, -0.141, 1.000]
[0.165, 0.152, -0.000, 1.000]
[0.141, 0.156, -0.141, 1.000]
[0.200, 0.138, -0.000, 1.000]
[0.200, 0.138, -0.000, 1.000]
[0.141, 0.156, -0.141, 1.000]
[0.166, 0.171, -0.166, 1.000]
[0.200, 0.138, -0.000, 1.000]
[0.166, 0.171, -0.166, 1.000]
[0.235, 0.152, -0.000, 1.000]
[0.235, 0.152, -0.000, 1.000]
[0.166, 0.171, -0.166, 1.000]
[0.177, 0.206, -0.177, 1.000]
[0.235, 0.152, -0.000, 1.000]
[0.177, 0.206, -0.177, 1.000]
[0.250, 0.188, -0.000, 1.000]
[0.177, 0.206, -0.177, 1.000]
[-0.000, 0.225, -0.250, 1.000]
[-0.000, 0.260, -0.235, 1.000]
[0.177, 0.206, -0.177, 1.000]
[-0.000, 0.260, -0.235, 1.000]
[0.166, 0.242, -0.166, 1.000]
[0.166, 0.242, -0.166, 1.000]
[-0.000, 0.260, -0.235, 1.000]
[-0.000, 0.275, -0.200, 1.000]
[0.166, 0.242, -0.166, 1.000]
[-0.000, 0.275, -0.200, 1.000]
[0.141, 0.256, -0.141, 1.000]
[0.141, 0.256, -0.141, 1.000]
[-0.000, 0.275, -0.200, 1.000]
[-0.000, 0.260, -0.165, 1.000]
[0.141, 0.256, -0.141, 1.000]
[-0.000, 0.260, -0.165, 1.000]
[0.116, 0.242, -0.116, 1.000]
[0.116, 0.242, -0.116, 1.000]
[-0.000, 0.260, -0.165, 1.000]
[-0.000, 0.225, -0.150, 1.000]
[0.116, 0.242, -0.116, 1.000]
[-0.000, 0.225, -0.150, 1.000]
[0.106, 0.206, -0.106, 1.000]
[0.106, 0.206, -0.106, 1.000]
[-0.000, 0.225, -0.150, 1.000]
[-0.000, 0.190, -0.165, 1.000]
[0.106, 0.206, -0.106, 1.000]
[-0.000, 0.190, -0.165, 1.000]
[0.116, 0.171, -0.116, 1.000]
[0.116, 0.171, -0.116, 1.000]
[-0.000, 0.190, -0.165, 1.000]
[-0.000, 0.175, -0.200, 1.000]
[0.116, 0.171, -0.116, 1.000]
[-0.000, 0.175, -0.200, 1.000]
[0.141, 0.156, -0.141, 1.000]
[0.141, 0.156, -0.141, 1.000]
[-0.000, 0.175, -0.200, 1.000]
[-0.000, 0.190, -0.235, 1.000]
[0.141, 0.156, -0.141, 1.000]
[-0.000, 0.190, -0.235, 1.000]
[0.166, 0.171, -0.166, 1.000]
[0.166, 0.171, -0.166, 1.000]
[-0.000, 0.190, -0.235, 1.000]
[-0.000, 0.225, -0.250, 1.000]
[0.166, 0.171, -0.166, 1.000]
[-0.000, 0.225, -0.250, 1.000]
[0.177, 0.206, -0.177, 1.000]
[-0.000, 0.225, -0.250, 1.000]
[-0.177, 0.244, -0.177, 1.000]
[-0.166, 0.279, -0.166, 1.000]
[-0.000, 0.225, -0.250, 1.000]
[-0.166, 0.279, -0.166, 1.000]
[-0.000, 0.260, -0.235, 1.000]
[-0.000, 0.260, -0.235, 1.000]
[-0.166, 0.279, -0.166, 1.000]
[-0.141, 0.294, -0.141, 1.000]
[-0.000, 0.260, -0.235, 1.000]
[-0.141, 0.294, -0.141, 1.000]
[-0.000, 0.275, -0.200, 1.000]
[-0.000, 0.275, -0.200, 1.000]
[-0.141, 0.294, -0.141, 1.000]
[-0.116, 0.279, -0.116, 1.000]
[-0.000, 0.275, -0.200, 1.000]
[-0.116, 0.279, -0.116, 1.000]
[-0.000, 0.260, -0.165, 1.000]
[-0.000, 0.260, -0.165, 1.000]
[-0.116, 0.279, -0.116, 1.000]
[-0.106, 0.244, -0.106, 1.000]
[-0.000, 0.260, -0.165, 1.000]
[-0.106, 0.244, -0.106, 1.000]
[-0.000, 0.225, -0.150, 1.000]
[-0.000, 0.225, -0.150, 1.000]
[-0.106, 0.244, -0.106, 1.000]
[-0.116, 0.208, -0.116, 1.000]
[-0.000, 0.225, -0.150, 1.000]
[-0.116, 0.208, -0.116, 1.000]
[-0.000, 0.190, -0.165, 1.000]
[-0.000, 0.190, -0.165, 1.000]
[-0.116, 0.208, -0.116, 1.000]
[-0.141, 0.194, -0.141, 1.000]
[-0.000, 0.190, -0.165, 1.000]
[-0.141, 0.194, -0.141, 1.000]
[-0.000, 0.175, -0.200, 1.000]
[-0.000, 0.175, -0.200, 1.000]
[-0.141, 0.194, -0.141, 1.000]
[-0.166, 0.208, -0.166, 1.000]
[-0.000, 0.175, -0.200, 1.000]
[-0.166, 0.208, -0.166, 1.000]
[-0.000, 0.190, -0.235, 1.000]
[-0.000, 0.190, -0.235, 1.000]
[-0.166, 0.208, -0.166, 1.000]
[-0.177, 0.244, -0.177, 1.000]
[-0.000, 0.190, -0.235, 1.000]
[-0.177, 0.244, -0.177, 1.000]
[-0.000, 0.225, -0.250, 1.000]
[-0.177, 0.244, -0.177, 1.000]
[-0.250, 0.263, 0.000, 1.000]
[-0.235, 0.298, 0.000, 1.000]
[-0.177, 0.244, -0.177, 1.000]
[-0.235, 0.298, 0.000, 1.000]
[-0.166, 0.279, -0.166, 1.000]
[-0.166, 0.279, -0.166, 1.000]
[-0.235, 0.298, 0.000, 1.000]
[-0.200, 0.313, 0.000, 1.000]
[-0.166, 0.279, -0.166, 1.000]
[-0.200, 0.313, 0.000, 1.000]
[-0.141, 0.294, -0.141, 1.000]
[-0.141, 0.294, -0.141, 1.000]
[-0.200, 0.313, 0.000, 1.000]
[-0.165, 0.298, 0.000, 1.000]
[-0.141, 0.294, -0.141, 1.000]
[-0.165, 0.298, 0.000, 1.000]
[-0.116, 0.279, -0.116, 1.000]
[-0.116, 0.279, -0.116, 1.000]
[-0.165, 0.298, 0.000, 1.000]
[-0.150, 0.263, 0.000, 1.000]
[-0.116, 0.279, -0.116, 1.000]
[-0.150, 0.263, 0.000, 1.000]
[-0.106, 0.244, -0.106, 1.000]
[-0.106, 0.244, -0.106, 1.000]
[-0.150, 0.263, 0.000, 1.000]
[-0.165, 0.227, 0.000, 1.000]
[-0.106, 0.244, -0.106, 1.000]
[-0.165, 0.227, 0.000, 1.000]
[-0.116, 0.208, -0.116, 1.000]
[-0.116, 0.208, -0.116, 1.000]
[-0.165, 0.227, 0.000, 1.000]
[-0.200, 0.213, 0.000, 1.000]
[-0.116, 0.208, -0.116, 1.000]
[-0.200, 0.213, 0.000, 1.000]
[-0.141, 0.194, -0.141, 1.000]
[-0.141, 0.194, -0.141, 1.000]
[-0.200, 0.213, 0.000, 1.000]
[-0.235, 0.227, 0.000, 1.000]
[-0.141, 0.194, -0.141, 1.000]
[-0.235, 0.227, 0.000, 1.000]
[-0.166, 0.208, -0.166, 1.000]
[-0.166, 0.208, -0.166, 1.000]
[-0.235, 0.227, 0.000, 1.000]
[-0.250, 0.263, 0.000, 1.000]
[-0.166, 0.208, -0.166, 1.000]
[-0.250, 0.263, 0.000, 1.000]
[-0.177, 0.244, -0.177, 1.000]
[-0.250, 0.263, 0.000, 1.000]
[-0.177, 0.281, 0.177, 1.000]
[-0.166, 0.317, 0.166, 1.000]
[-0.250, 0.263, 0.000, 1.000]
[-0.166, 0.317, 0.166, 1.000]
[-0.235, 0.298, 0.000, 1.000]
[-0.235, 0.298, 0.000, 1.000]
[-0.166, 0.317, 0.166, 1.000]
[-0.141, 0.331, 0.141, 1.000]
[-0.235, 0.298, 0.000, 1.000]
[-0.141, 0.331, 0.141, 1.000]
[-0.200, 0.313, 0.000, 1.000]
[-0.200, 0.313, 0.000, 1.000]
[-0.141, 0.331, 0.141, 1.000]
[-0.116, 0.317, 0.116, 1.000]
[-0.200, 0.313, 0.000, 1.000]
[-0.116, 0.317, 0.116, 1.000]
[-0.165, 0.298, 0.000, 1.000]
[-0.165, 0.298, 0.000, 1.000]
[-0.116, 0.317, 0.116, 1.000]
[-0.106, 0.281, 0.106, 1.000]
[-0.165, 0.298, 0.000, 1.000]
[-0.106, 0.281, 0.106, 1.000]
[-0.150, 0.263, 0.000, 1.000]
[-0.150, 0.263, 0.000, 1.000]
[-0.106, 0.281, 0.106, 1.000]
[-0.116, 0.246, 0.116, 1.000]
[-0.150, 0.263, 0.000, 1.000]
[-0.116, 0.246, 0.116, 1.000]
[-0.165, 0.227, 0.000, 1.000]
[-0.165, 0.227, 0.000, 1.000]
[-0.116, 0.246, 0.116, 1.000]
[-0.141, 0.231, 0.141, 1.000]
[-0.165, 0.227, 0.000, 1.000]
[-0.141, 0.231, 0.141, 1.000]
[-0.200, 0.213, 0.000, 1.000]
[-0.200, 0.213, 0.000, 1.000]
[-0.141, 0.231, 0.141, 1.000]
[-0.166, 0.246, 0.166, 1.000]
[-0.200, 0.213, 0.000, 1.000]
[-0.166, 0.246, 0.166, 1.000]
[-0.235, 0.227, 0.000, 1.000]
[-0.235, 0.227, 0.000, 1.000]
[-0.166, 0.246, 0.166, 1.000]
[-0.177, 0.281, 0.177, 1.000]
[-0.235, 0.227, 0.000, 1.000]
[-0.177, 0.281, 0.177, 1.000]
[-0.250, 0.263, 0.000, 1.000]
[-0.177, 0.281, 0.177, 1.000]
[0.000, 0.300, 0.250, 1.000]
[0.000, 0.335, 0.235, 1.000]
[-0.177, 0.281, 0.177, 1.000]
[0.000, 0.335, 0.235, 1.000]
[-0.166, 0.317, 0.166, 1.000]
[-0.166, 0.317, 0.166, 1.000]
[0.000, 0.335, 0.235, 1.000]
[0.000, 0.350, 0.200, 1.000]
[-0.166, 0.317, 0.166, 1.000]
[0.000, 0.350, 0.200, 1.000]
[-0.141, 0.331, 0.141, 1.000]
[-0.141, 0.331, 0.141, 1.000]
[0.000, 0.350, 0.200, 1.000]
[0.000, 0.335, 0.165, 1.000]
[-0.141, 0.331, 0.141, 1.000]
[0.000, 0.335, 0.165, 1.000]
[-0.116, 0.317, 0.116, 1.000]
[-0.116, 0.317, 0.116, 1.000]
[0.000, 0.335, 0.165, 1.000]
[0.000, 0.300, 0.150, 1.000]
[-0.116, 0.317, 0.116, 1.000]
[0.000, 0.300, 0.150, 1.000]
[-0.106, 0.281, 0.106, 1.000]
[-0.106, 0.281, 0.106, 1.000]
[0.000, 0.300, 0.150, 1.000]
[0.000, 0.265, 0.165, 1.000]
[-0.106, 0.281, 0.106, 1.000]
[0.000, 0.265, 0.165, 1.000]
[-0.116, 0.246, 0.116, 1.000]
[-0.116, 0.246, 0.116, 1.000]
[0.000, 0.265, 0.165, 1.000]
[0.000, 0.250, 0.200, 1.000]
[-0.116, 0.246, 0.116, 1.000]
[0.000, 0.250, 0.200, 1.000]
[-0.141, 0.231, 0.141, 1.000]
[-0.141, 0.231, 0.141, 1.000]
[0.000, 0.250, 0.200, 1.000]
[0.000, 0.265, 0.235, 1.000]
[-0.141, 0.231, 0.141, 1.000]
[0.000, 0.265, 0.235, 1.000]
[-0.166, 0.246, 0.166, 1.000]
[-0.166, 0.246, 0.166, 1.000]
[0.000, 0.265, 0.235, 1.000]
[0.000, 0.300, 0.250, 1.000]
[-0.166, 0.246, 0.166, 1.000]
[0.000, 0.300, 0.250, 1.000]
[-0.177, 0.281, 0.177, 1.000]
[0.000, 0.300, 0.250, 1.000]
[0.177, 0.319, 0.177, 1.000]
[0.166, 0.354, 0.166, 1.000]
[0.000, 0.300, 0.250, 1.000]
[0.166, 0.354, 0.166, 1.000]
[0.000, 0.335, 0.235, 1.000]
[0.000, 0.335, 0.235, 1.000]
[0.166, 0.354, 0.166, 1.000]
[0.141, 0.369, 0.141, 1.000]
[0.000, 0.335, 0.235, 1.000]
[0.141, 0.369, 0.141, 1.000]
[0.000, 0.350, 0.200, 1.000]
[0.000, 0.350, 0.200, 1.000]
[0.141, 0.369, 0.141, 1.000]
[0.116, 0.354, 0.116, 1.000]
[0.000, 0.350, 0.200, 1.000]
[0.116, 0.354, 0.116, 1.000]
[0.000, 0.335, 0.165, 1.000]
[0.000, 0.335, 0.165, 1.000]
[0.116, 0.354, 0.116, 1.000]
[0.106, 0.319, 0.106, 1.000]
[0.000, 0.335, 0.165, 1.000]
[0.106, 0.319, 0.106, 1.000]
[0.000, 0.300, 0.150, 1.000]
[0.000, 0.300, 0.150, 1.000]
[0.106, 0.319, 0.106, 1.000]
[0.116, 0.283, 0.116, 1.000]
[0.000, 0.300, 0.150, 1.000]
[0.116, 0.283, 0.116, 1.000]
[0.000, 0.265, 0.165, 1.000]
[0.000, 0.265, 0.165, 1.000]
[0.116, 0.283, 0.116, 1.000]
[0.141, 0.269, 0.141, 1.000]
[0.000, 0.265, 0.165, 1.000]
[0.141, 0.269, 0.141, 1.000]
[0.000, 0.250, 0.200, 1.000]
[0.000, 0.250, 0.200, 1.000]
[0.141, 0.269, 0.141, 1.000]
[0.166, 0.283, 0.166, 1.000]
[0.000, 0.250, 0.200, 1.000]
[0.166, 0.283, 0.166, 1.000]
[0.000, 0.265, 0.235, 1.000]
[0.000, 0.265, 0.235, 1.000]
[0.166, 0.283, 0.166, 1.000]
[0.177, 0.319, 0.177, 1.000]
[0.000, 0.265, 0.235, 1.000]
[0.177, 0.319, 0.177, 1.000]
[0.000, 0.300, 0.250, 1.000]
[0.177, 0.319, 0.177, 1.000]
[0.250, 0.338, -0.000, 1.000]
[0.235, 0.373, -0.000, 1.000]
[0.177, 0.319, 0.177, 1.000]
[0.235, 0.373, -0.000, 1.000]
[0.166, 0.354, 0.166, 1.000]
[0.166, 0.354, 0.166, 1.000]
[0.235, 0.373, -0.000, 1.000]
[0.200, 0.388, -0.000, 1.000]
[0.166, 0.354, 0.166, 1.000]
[0.200, 0.388, -0.000, 1.000]
[0.141, 0.369, 0.141, 1.000]
[0.141, 0.369, 0.141, 1.000]
[0.200, 0.388, -0.000, 1.000]
[0.165, 0.373, -0.000, 1.000]
[0.141, 0.369, 0.141, 1.000]
[0.165, 0.373, -0.000, 1.000]
[0.116, 0.354, 0.116, 1.000]
[0.116, 0.354, 0.116, 1.000]
[0.165, 0.373, -0.000, 1.000]
[0.150, 0.338, -0.000, 1.000]
[0.116, 0.354, 0.116, 1.000]
[0.150, 0.338, -0.000, 1.000]
[0.106, 0.319, 0.106, 1.000]
[0.106, 0.319, 0.106, 1.000]
[0.150, 0.338, -0.000, 1.000]
[0.165, 0.302, -0.000, 1.000]
[0.106, 0.319, 0.106, 1.000]
[0.165, 0.302, -0.000, 1.000]
[0.116, 0.283, 0.116, 1.000]
[0.116, 0.283, 0.116, 1.000]
[0.165, 0.302, -0.000, 1.000]
[0.200, 0.287, -0.000, 1.000]
[0.116, 0.283, 0.116, 1.000]
[0.200, 0.287, -0.000, 1.000]
[0.141, 0.269, 0.141, 1.000]
[0.141, 0.269, 0.141, 1.000]
[0.200, 0.287, -0.000, 1.000]
[0.235, 0.302, -0.000, 1.000]
[0.141, 0.269, 0.141, 1.000]
[0.235, 0.302, -0.000, 1.000]
[0.166, 0.283, 0.166, 1.000]
[0.166, 0.283, 0.166, 1.000]
[0.235, 0.302, -0.000, 1.000]
[0.250, 0.338, -0.000, 1.000]
[0.166, 0.283, 0.166, 1.000]
[0.250, 0.338, -0.000, 1.000]
[0.177, 0.319, 0.177, 1.000]
[0.250, 0.337, -0.000, 1.000]
[0.177, 0.356, -0.177, 1.000]
[0.166, 0.392, -0.166, 1.000]
[0.250, 0.337, -0.000, 1.000]
[0.166, 0.392, -0.166, 1.000]
[0.235, 0.373, -0.000, 1.000]
[0.235, 0.373, -0.000, 1.000]
[0.166, 0.392, -0.166, 1.000]
[0.141, 0.406, -0.141, 1.000]
[0.235, 0.373, -0.000, 1.000]
[0.141, 0.406, -0.141, 1.000]
[0.200, 0.387, -0.000, 1.000]
[0.200, 0.387, -0.000, 1.000]
[0.141, 0.406, -0.141, 1.000]
[0.116, 0.392, -0.116, 1.000]
[0.200, 0.387, -0.000, 1.000]
[0.116, 0.392, -0.116, 1.000]
[0.165, 0.373, -0.000, 1.000]
[0.165, 0.373, -0.000, 1.000]
[0.116, 0.392, -0.116, 1.000]
[0.106, 0.356, -0.106, 1.000]
[0.165, 0.373, -0.000, 1.000]
[0.106, 0.356, -0.106, 1.000]
[0.150, 0.337, -0.000, 1.000]
[0.150, 0.337, -0.000, 1.000]
[0.106, 0.356, -0.106, 1.000]
[0.116, 0.321, -0.116, 1.000]
[0.150, 0.337, -0.000, 1.000]
[0.116, 0.321, -0.116, 1.000]
[0.165, 0.302, -0.000, 1.000]
[0.165, 0.302, -0.000, 1.000]
[0.116, 0.321, -0.116, 1.000]
[0.141, 0.306, -0.141, 1.000]
[0.165, 0.302, -0.000, 1.000]
[0.141, 0.306, -0.141, 1.000]
[0.200, 0.287, -0.000, 1.000]
[0.200, 0.287, -0.000, 1.000]
[0.141, 0.306, -0.141, 1.000]
[0.166, 0.321, -0.166, 1.000]
[0.200, 0.287, -0.000, 1.000]
[0.166, 0.321, -0.166, 1.000]
[0.235, 0.302, -0.000, 1.000]
[0.235, 0.302, -0.000, 1.000]
[0.166, 0.321, -0.166, 1.000]
[0.177, 0.356, -0.177, 1.000]
[0.235, 0.302, -0.000, 1.000]
[0.177, 0.356, -0.177, 1.000]
[0.250, 0.337, -0.000, 1.000]
[0.177, 0.356, -0.177, 1.000]
[-0.000, 0.375, -0.250, 1.000]
[-0.000, 0.410, -0.235, 1.000]
[0.177, 0.356, -0.177, 1.000]
[-0.000, 0.410, -0.235, 1.000]
[0.166, 0.392, -0.166, 1.000]
[0.166, 0.392, -0.166, 1.000]
[-0.000, 0.410, -0.235, 1.000]
[-0.000, 0.425, -0.200, 1.000]
[0.166, 0.392, -0.166, 1.000]
[-0.000, 0.425, -0.200, 1.000]
[0.141, 0.406, -0.141, 1.000]
[0.141, 0.406, -0.141, 1.000]
[-0.000, 0.425, -0.200, 1.000]
[-0.000, 0.410, -0.165, 1.000]
[0.141, 0.406, -0.141, 1.000]
[-0.000, 0.410, -0.165, 1.000]
[0.116, 0.392, -0.116, 1.000]
[0.116, 0.392, -0.116, 1.000]
[-0.000, 0.410, -0.165, 1.000]
[-0.000, 0.375, -0.150, 1.000]
[0.116, 0.392, -0.116, 1.000]
[-0.000, 0.375, -0.150, 1.000]
[0.106, 0.356, -0.106, 1.000]
[0.106, 0.356, -0.106, 1.000]
[-0.000, 0.375, -0.150, 1.000]
[-0.000, 0.340, -0.165, 1.000]
[0.106, 0.356, -0.106, 1.000]
[-0.000, 0.340, -0.165, 1.000]
[0.116, 0.321, -0.116, 1.000]
[0.116, 0.321, -0.116, 1.000]
[-0.000, 0.340, -0.165, 1.000]
[-0.000, 0.325, -0.200, 1.000]
[0.116, 0.321, -0.116, 1.000]
[-0.000, 0.325, -0.200, 1.000]
[0.141, 0.306, -0.141, 1.000]
[0.141, 0.306, -0.141, 1.000]
[-0.000, 0.325, -0.200, 1.000]
[-0.000, 0.340, -0.235, 1.000]
[0.141, 0.306, -0.141, 1.000]
[-0.000, 0.340, -0.235, 1.000]
[0.166, 0.321, -0.166, 1.000]
[0.166, 0.321, -0.166, 1.000]
[-0.000, 0.340, -0.235, 1.000]
[-0.000, 0.375, -0.250, 1.000]
[0.166, 0.321, -0.166, 1.000]
[-0.000, 0.375, -0.250, 1.000]
[0.177, 0.356, -0.177, 1.000]
[-0.000, 0.375, -0.250, 1.000]
[-0.177, 0.394, -0.177, 1.000]
[-0.166, 0.429, -0.166, 1.000]
[-0.000, 0.375, -0.250, 1.000]
[-0.166, 0.429, -0.166, 1.000]
[-0.000, 0.410, -0.235, 1.000]
[-0.000, 0.410, -0.235, 1.000]
[-0.166, 0.429, -0.166, 1.000]
[-0.141, 0.444, -0.141, 1.000]
[-0.000, 0.410, -0.235, 1.000]
[-0.141, 0.444, -0.141, 1.000]
[-0.000, 0.425, -0.200, 1.000]
[-0.000, 0.425, -0.200, 1.000]
[-0.141, 0.444, -0.141, 1.000]
[-0.116, 0.429, -0.116, 1.000]
[-0.000, 0.425, -0.200, 1.000]
[-0.116, 0.429, -0.116, 1.000]
[-0.000, 0.410, -0.165, 1.000]
[-0.000, 0.410, -0.165, 1.000]
[-0.116, 0.429, -0.116, 1.000]
[-0.106, 0.394, -0.106, 1.000]
[-0.000, 0.410, -0.165, 1.000]
[-0.106, 0.394, -0.106, 1.000]
[-0.000, 0.375, -0.150, 1.000]
[-0.000, 0.375, -0.150, 1.000]
[-0.106, 0.394, -0.106, 1.000]
[-0.116, 0.358, -0.116, 1.000]
[-0.000, 0.375, -0.150, 1.000]
[-0.116, 0.358, -0.116, 1.000]
[-0.000, 0.340, -0.165, 1.000]
[-0.000, 0.340, -0.165, 1.000]
[-0.116, 0.358, -0.116, 1.000]
[-0.141, 0.344, -0.141, 1.000]
[-0.000, 0.340, -0.165, 1.000]
[-0.141, 0.344, -0.141, 1.000]
[-0.000, 0.325, -0.200, 1.000]
[-0.000, 0.325, -0.200, 1.000]
[-0.141, 0.344, -0.141, 1.000]
[-0.166, 0.358, -0.166, 1.000]
[-0.000, 0.325, -0.200, 1.000]
[-0.166, 0.358, -0.166, 1.000]
[-0.000, 0.340, -0.235, 1.000]
[-0.000, 0.340, -0.235, 1.000]
[-0.166, 0.358, -0.166, 1.000]
[-0.177, 0.394, -0.177, 1.000]
[-0.000, 0.340, -0.235, 1.000]
[-0.177, 0.394, -0.177, 1.000]
[-0.000, 0.375, -0.250, 1.000]
[-0.177, 0.394, -0.177, 1.000]
[-0.250, 0.412, 0.000, 1.000]
[-0.235, 0.448, 0.000, 1.000]
[-0.177, 0.394, -0.177, 1.000]
[-0.235, 0.448, 0.000, 1.000]
[-0.166, 0.429, -0.166, 1.000]
[-0.166, 0.429, -0.166, 1.000]
[-0.235, 0.448, 0.000, 1.000]
[-0.200, 0.463, 0.000, 1.000]
[-0.166, 0.429, -0.166, 1.000]
[-0.200, 0.463, 0.000, 1.000]
[-0.141, 0.444, -0.141, 1.000]
[-0.141, 0.444, -0.141, 1.000]
[-0.200, 0.463, 0.000, 1.000]
[-0.165, 0.448, 0.000, 1.000]
[-0.141, 0.444, -0.141, 1.000]
[-0.165, 0.448, 0.000, 1.000]
[-0.116, 0.429, -0.116, 1.000]
[-0.116, 0.429, -0.116, 1.000]
[-0.165, 0.448, 0.000, 1.000]
[-0.150, 0.412, 0.000, 1.000]
[-0.116, 0.429, -0.116, 1.000]
[-0.150, 0.412, 0.000, 1.000]
[-0.106, 0.394, -0.106, 1.000]
[-0.106, 0.394, -0.106, 1.000]
[-0.150, 0.412, 0.000, 1.000]
[-0.165, 0.377, 0.000, 1.000]
[-0.106, 0.394, -0.106, 1.000]
[-0.165, 0.377, 0.000, 1.000]
[-0.116, 0.358, -0.116, 1.000]
[-0.116, 0.358, -0.116, 1.000]
[-0.165, 0.377, 0.000, 1.000]
[-0.200, 0.362, 0.000, 1.000]
[-0.116, 0.358, -0.116, 1.000]
[-0.200, 0.362, 0.000, 1.000]
[-0.141, 0.344, -0.141, 1.000]
[-0.141, 0.344, -0.141, 1.000]
[-0.200, 0.362, 0.000, 1.000]
[-0.235, 0.377, 0.000, 1.000]
[-0.141, 0.344, -0.141, 1.000]
[-0.235, 0.377, 0.000, 1.000]
[-0.166, 0.358, -0.166, 1.000]
[-0.166, 0.358, -0.166, 1.000]
[-0.235, 0.377, 0.000, 1.000]
[-0.250, 0.412, 0.000, 1.000]
[-0.166, 0.358, -0.166, 1.000]
[-0.250, 0.412, 0.000, 1.000]
[-0.177, 0.394, -0.177, 1.000]
[-0.250, 0.412, 0.000, 1.000]
[-0.177, 0.431, 0.177, 1.000]
[-0.166, 0.467, 0.166, 1.000]
[-0.250, 0.412, 0.000, 1.000]
[-0.166, 0.467, 0.166, 1.000]
[-0.235, 0.448, 0.000, 1.000]
[-0.235, 0.448, 0.000, 1.000]
[-0.166, 0.467, 0.166, 1.000]
[-0.141, 0.481, 0.141, 1.000]
[-0.235, 0.448, 0.000, 1.000]
[-0.141, 0.481, 0.141, 1.000]
[-0.200, 0.463, 0.000, 1.000]
[-0.200, 0.463, 0.000, 1.000]
[-0.141, 0.481, 0.141, 1.000]
[-0.116, 0.467, 0.116, 1.000]
[-0.200, 0.463, 0.000, 1.000]
[-0.116, 0.467, 0.116, 1.000]
[-0.165, 0.448, 0.000, 1.000]
[-0.165, 0.448, 0.000, 1.000]
[-0.116, 0.467, 0.116, 1.000]
[-0.106, 0.431, 0.106, 1.000]
[-0.165, 0.448, 0.000, 1.000]
[-0.106, 0.431, 0.106, 1.000]
[-0.150, 0.412, 0.000, 1.000]
[-0.150, 0.412, 0.000, 1.000]
[-0.106, 0.431, 0.106, 1.000]
[-0.116, 0.396, 0.116, 1.000]
[-0.150, 0.412, 0.000, 1.000]
[-0.116, 0.396, 0.116, 1.000]
[-0.165, 0.377, 0.000, 1.000]
[-0.165, 0.377, 0.000, 1.000]
[-0.116, 0.396, 0.116, 1.000]
[-0.141, 0.381, 0.141, 1.000]
[-0.165, 0.377, 0.000, 1.000]
[-0.141, 0.381, 0.141, 1.000]
[-0.200, 0.362, 0.000, 1.000]
[-0.200, 0.362, 0.000, 1.000]
[-0.141, 0.381, 0.141, 1.000]
[-0.166, 0.396, 0.166, 1.000]
[-0.200, 0.362, 0.000, 1.000]
[-0.166, 0.396, 0.166, 1.000]
[-0.235, 0.377, 0.000, 1.000]
[-0.235, 0.377, 0.000, 1.000]
[-0.166, 0.396, 0.166, 1.000]
[-0.177, 0.431, 0.177, 1.000]
[-0.235, 0.377, 0.000, 1.000]
[-0.177, 0.431, 0.177, 1.000]
[-0.250, 0.412, 0.000, 1.000]
[-0.177, 0.431, 0.177, 1.000]
[0.000, 0.450, 0.250, 1.000]
[0.000, 0.485, 0.235, 1.000]
[-0.177, 0.431, 0.177, 1.000]
[0.000, 0.485, 0.235, 1.000]
[-0.166, 0.467, 0.166, 1.000]
[-0.166, 0.467, 0.166, 1.000]
[0.000, 0.485, 0.235, 1.000]
[0.000, 0.500, 0.200, 1.000]
[-0.166, 0.467, 0.166, 1.000]
[0.000, 0.500, 0.200, 1.000]
[-0.141, 0.481, 0.141, 1.000]
[-0.141, 0.481, 0.141, 1.000]
[0.000, 0.500, 0.200, 1.000]
[0.000, 0.485, 0.165, 1.000]
[-0.141, 0.481, 0.141, 1.000]
[0.000, 0.485, 0.165, 1.000]
[-0.116, 0.467, 0.116, 1.000]
[-0.116, 0.467, 0.116, 1.000]
[0.000, 0.485, 0.165, 1.000]
[0.000, 0.450, 0.150, 1.000]
[-0.116, 0.467, 0.116, 1.000]
[0.000, 0.450, 0.150, 1.000]
[-0.106, 0.431, 0.106, 1.000]
[-0.106, 0.431, 0.106, 1.000]
[0.000, 0.450, 0.150, 1.000]
[0.000, 0.415, 0.165, 1.000]
[-0.106, 0.431, 0.106, 1.000]
[0.000, 0.415, 0.165, 1.000]
[-0.116, 0.396, 0.116, 1.000]
[-0.116, 0.396, 0.116, 1.000]
[0.000, 0.415, 0.165, 1.000]
[0.000, 0.400, 0.200, 1.000]
[-0.116, 0.396, 0.116, 1.000]
[0.000, 0.400, 0.200, 1.000]
[-0.141, 0.381, 0.141, 1.000]
[-0.141, 0.381, 0.141, 1.000]
[0.000, 0.400, 0.200, 1.000]
[0.000, 0.415, 0.235, 1.000]
[-0.141, 0.381, 0.141, 1.000]
[0.000, 0.415, 0.235, 1.000]
[-0.166, 0.396, 0.166, 1.000]
[-0.166, 0.396, 0.166, 1.000]
[0.000, 0.415, 0.235, 1.000]
[0.000, 0.450, 0.250, 1.000]
[-0.166, 0.396, 0.166, 1.000]
[0.000, 0.450, 0.250, 1.000]
[-0.177, 0.431, 0.177, 1.000]
[0.000, 0.450, 0.250, 1.000]
[0.177, 0.469, 0.177, 1.000]
[0.166, 0.504, 0.166, 1.000]
[0.000, 0.450, 0.250, 1.000]
[0.166, 0.504, 0.166, 1.000]
[0.000, 0.485, 0.235, 1.000]
[0.000, 0.485, 0.235, 1.000]
[0.166, 0.504, 0.166, 1.000]
[0.141, 0.519, 0.141, 1.000]
[0.000, 0.485, 0.235, 1.000]
[0.141, 0.519, 0.141, 1.000]
[0.000, 0.500, 0.200, 1.000]
[0.000, 0.500, 0.200, 1.000]
[0.141, 0.519, 0.141, 1.000]
[0.116, 0.504, 0.116, 1.000]
[0.000, 0.500, 0.200, 1.000]
[0.116, 0.504, 0.116, 1.000]
[0.000, 0.485, 0.165, 1.000]
[0.000, 0.485, 0.165, 1.000]
[0.116, 0.504, 0.116, 1.000]
[0.106, 0.469, 0.106, 1.000]
[0.000, 0.485, 0.165, 1.000]
[0.106, 0.469, 0.106, 1.000]
[0.000, 0.450, 0.150, 1.000]
[0.000, 0.450, 0.150, 1.000]
[0.106, 0.469, 0.106, 1.000]
[0.116, 0.433, 0.116, 1.000]
[0.000, 0.450, 0.150, 1.000]
[0.116, 0.433, 0.116, 1.000]
[0.000, 0.415, 0.165, 1.000]
[0.000, 0.415, 0.165, 1.000]
[0.116, 0.433, 0.116, 1.000]
[0.141, 0.419, 0.141, 1.000]
[0.000, 0.415, 0.165, 1.000]
[0.141, 0.419, 0.141, 1.000]
[0.000, 0.400, 0.200, 1.000]
[0.000, 0.400, 0.200, 1.000]
[0.141, 0.419, 0.141, 1.000]
[0.166, 0.433, 0.166, 1.000]
[0.000, 0.400, 0.200, 1.000]
[0.166, 0.433, 0.166, 1.000]
[0.000, 0.415, 0.235, 1.000]
[0.000, 0.415, 0.235, 1.000]
[0.166, 0.433, 0.166, 1.000]
[0.177, 0.469, 0.177, 1.000]
[0.000, 0.415, 0.235, 1.000]
[0.177, 0.469, 0.177, 1.000]
[0.000, 0.450, 0.250, 1.000]
[0.177, 0.469, 0.177, 1.000]
[0.250, 0.488, -0.000, 1.000]
[0.235, 0.523, -0.000, 1.000]
[0.177, 0.469, 0.177, 1.000]
[0.235, 0.523, -0.000, 1.000]
[0.166, 0.504, 0.166, 1.000]
[0.166, 0.504, 0.166, 1.000]
[0.235, 0.523, -0.000, 1.000]
[0.200, 0.538, -0.000, 1.000]
[0.166, 0.504, 0.166, 1.000]
[0.200, 0.538, -0.000, 1.000]
[0.141, 0.519, 0.141, 1.000]
[0.141, 0.519, 0.141, 1.000]
[0.200, 0.538, -0.000, 1.000]
[0.165, 0.523, -0.000, 1.000]
[0.141, 0.519, 0.141, 1.000]
[0.165, 0.523, -0.000, 1.000]
[0.116, 0.504, 0.116, 1.000]
[0.116, 0.504, 0.116, 1.000]
[0.165, 0.523, -0.000, 1.000]
[0.150, 0.488, -0.000, 1.000]
[0.116, 0.504, 0.116, 1.000]
[0.150, 0.488, -0.000, 1.000]
[0.106, 0.469, 0.106, 1.000]
[0.106, 0.469, 0.106, 1.000]
[0.150, 0.488, -0.000, 1.000]
[0.165, 0.452, -0.000, 1.000]
[0.106, 0.469, 0.106, 1.000]
[0.165, 0.452, -0.000, 1.000]
[0.116, 0.433, 0.116, 1.000]
[0.116, 0.433, 0.116, 1.000]
[0.165, 0.452, -0.000, 1.000]
[0.200, 0.438, -0.000, 1.000]
[0.116, 0.433, 0.116, 1.000]
[0.200, 0.438, -0.000, 1.000]
[0.141, 0.419, 0.141, 1.000]
[0.141, 0.419, 0.141, 1.000]
[0.200, 0.438, -0.000, 1.000]
[0.235, 0.452, -0.000, 1.000]
[0.141, 0.419, 0.141, 1.000]
[0.235, 0.452, -0.000, 1.000]
[0.166, 0.433, 0.166, 1.000]
[0.166, 0.433, 0.166, 1.000]
[0.235, 0.452, -0.000, 1.000]
[0.250, 0.488, -0.000, 1.000]
[0.166, 0.433, 0.166, 1.000]
[0.250, 0.488, -0.000, 1.000]
[0.177, 0.469, 0.177, 1.000]
[0.250, 0.488, -0.000, 1.000]
[0.177, 0.506, -0.177, 1.000]
[0.166, 0.542, -0.166, 1.000]
[0.250, 0.488, -0.000, 1.000]
[0.166, 0.542, -0.166, 1.000]
[0.235, 0.523, -0.000, 1.000]
[0.235, 0.523, -0.000, 1.000]
[0.166, 0.542, -0.166, 1.000]
[0.141, 0.556, -0.141, 1.000]
[0.235, 0.523, -0.000, 1.000]
[0.141, 0.556, -0.141, 1.000]
[0.200, 0.538, -0.000, 1.000]
[0.200, 0.538, -0.000, 1.000]
[0.141, 0.556, -0.141, 1.000]
[0.116, 0.542, -0.116, 1.000]
[0.200, 0.538, -0.000, 1.000]
[0.116, 0.542, -0.116, 1.000]
[0.165, 0.523, -0.000, 1.000]
[0.165, 0.523, -0.000, 1.000]
[0.116, 0.542, -0.116, 1.000]
[0.106, 0.506, -0.106, 1.000]
[0.165, 0.523, -0.000, 1.000]
[0.106, 0.506, -0.106, 1.000]
[0.150, 0.488, -0.000, 1.000]
[0.150, 0.488, -0.000, 1.000]
[0.106, 0.506, -0.106, 1.000]
[0.116, 0.471, -0.116, 1.000]
[0.150, 0.488, -0.000, 1.000]
[0.116, 0.471, -0.116, 1.000]
[0.165, 0.452, -0.000, 1.000]
[0.165, 0.452, -0.000, 1.000]
[0.116, 0.471, -0.116, 1.000]
[0.141, 0.456, -0.141, 1.000]
[0.165, 0.452, -0.000, 1.000]
[0.141, 0.456, -0.141, 1.000]
[0.200, 0.438, -0.000, 1.000]
[0.200, 0.438, -0.000, 1.000]
[0.141, 0.456, -0.141, 1.000]
[0.166, 0.471, -0.166, 1.000]
[0.200, 0.438, -0.000, 1.000]
[0.166, 0.471, -0.166, 1.000]
[0.235, 0.452, -0.000, 1.000]
[0.235, 0.452, -0.000, 1.000]
[0.166, 0.471, -0.166, 1.000]
[0.177, 0.506, -0.177, 1.000]
[0.235, 0.452, -0.000, 1.000]
[0.177, 0.506, -0.177, 1.000]
[0.250, 0.488, -0.000, 1.000]
[0.177, 0.506, -0.177, 1.000]
[-0.000, 0.525, -0.250, 1.000]
[-0.000, 0.560, -0.235, 1.000]
[0.177, 0.506, -0.177, 1.000]
[-0.000, 0.560, -0.235, 1.000]
[0.166, 0.542, -0.166, 1.000]
[0.166, 0.542, -0.166, 1.000]
[-0.000, 0.560, -0.235, 1.000]
[-0.000, 0.575, -0.200, 1.000]
[0.166, 0.542, -0.166, 1.000]
[-0.000, 0.575, -0.200, 1.000]
[0.141, 0.556, -0.141, 1.000]
[0.141, 0.556, -0.141, 1.000]
[-0.000, 0.575, -0.200, 1.000]
[-0.000, 0.560, -0.165, 1.000]
[0.141, 0.556, -0.141, 1.000]
[-0.000, 0.560, -0.165, 1.000]
[0.116, 0.542, -0.116, 1.000]
[0.116, 0.542, -0.116, 1.000]
[-0.000, 0.560, -0.165, 1.000]
[-0.000, 0.525, -0.150, 1.000]
[0.116, 0.542, -0.116, 1.000]
[-0.000, 0.525, -0.150, 1.000]
[0.106, 0.506, -0.106, 1.000]
[0.106, 0.506, -0.106, 1.000]
[-0.000, 0.525, -0.150, 1.000]
[-0.000, 0.490, -0.165, 1.000]
[0.106, 0.506, -0.106, 1.000]
[-0.000, 0.490, -0.165, 1.000]
[0.116, 0.471, -0.116, 1.000]
[0.116, 0.471, -0.116, 1.000]
[-0.000, 0.490, -0.165, 1.000]
[-0.000, 0.475, -0.200, 1.000]
[0.116, 0.471, -0.116, 1.000]
[-0.000, 0.475, -0.200, 1.000]
[0.141, 0.456, -0.141, 1.000]
[0.141, 0.456, -0.141, 1.000]
[-0.000, 0.475, -0.200, 1.000]
[-0.000, 0.490, -0.235, 1.000]
[0.141, 0.456, -0.141, 1.000]
[-0.000, 0.490, -0.235, 1.000]
[0.166, 0.471, -0.166, 1.000]
[0.166, 0.471, -0.166, 1.000]
[-0.000, 0.490, -0.235, 1.000]
[-0.000, 0.525, -0.250, 1.000]
[0.166, 0.471, -0.166, 1.000]
[-0.000, 0.525, -0.250, 1.000]
[0.177, 0.506, -0.177, 1.000]
[-0.000, 0.525, -0.250, 1.000]
[-0.177, 0.544, -0.177, 1.000]
[-0.166, 0.579, -0.166, 1.000]
[-0.000, 0.525, -0.250, 1.000]
[-0.166, 0.579, -0.166, 1.000]
[-0.000, 0.560, -0.235, 1.000]
[-0.000, 0.560, -0.235, 1.000]
[-0.166, 0.579, -0.166, 1.000]
[-0.141, 0.594, -0.141, 1.000]
[-0.000, 0.560, -0.235, 1.000]
[-0.141, 0.594, -0.141, 1.000]
[-0.000, 0.575, -0.200, 1.000]
[-0.000, 0.575, -0.200, 1.000]
[-0.141, 0.594, -0.141, 1.000]
[-0.116, 0.579, -0.116, 1.000]
[-0.000, 0.575, -0.200, 1.000]
[-0.116, 0.579, -0.116, 1.000]
[-0.000, 0.560, -0.165, 1.000]
[-0.000, 0.560, -0.165, 1.000]
[-0.116, 0.579, -0.116, 1.000]
[-0.106, 0.544, -0.106, 1.000]
[-0.000, 0.560, -0.165, 1.000]
[-0.106, 0.544, -0.106, 1.000]
[-0.000, 0.525, -0.150, 1.000]
[-0.000, 0.525, -0.150, 1.000]
[-0.106, 0.544, -0.106, 1.000]
[-0.116, 0.508, -0.116, 1.000]
[-0.000, 0.525, -0.150, 1.000]
[-0.116, 0.508, -0.116, 1.000]
[-0.000, 0.490, -0.165, 1.000]
[-0.000, 0.490, -0.165, 1.000]
[-0.116, 0.508, -0.116, 1.000]
[-0.141, 0.494, -0.141, 1.000]
[-0.000, 0.490, -0.165, 1.000]
[-0.141, 0.494, -0.141, 1.000]
[-0.000, 0.475, -0.200, 1.000]
[-0.000, 0.475, -0.200, 1.000]
[-0.141, 0.494, -0.141, 1.000]
[-0.166, 0.508, -0.166, 1.000]
[-0.000, 0.475, -0.200, 1.000]
[-0.166, 0.508, -0.166, 1.000]
[-0.000, 0.490, -0.235, 1.000]
[-0.000, 0.490, -0.235, 1.000]
[-0.166, 0.508, -0.166, 1.000]
[-0.177, 0.544, -0.177, 1.000]
[-0.000, 0.490, -0.235, 1.000]
[-0.177, 0.544, -0.177, 1.000]
[-0.000, 0.525, -0.250, 1.000]
[-0.177, 0.544, -0.177, 1.000]
[-0.250, 0.563, 0.000, 1.000]
[-0.235, 0.598, 0.000, 1.000]
[-0.177, 0.544, -0.177, 1.000]
[-0.235, 0.598, 0.000, 1.000]
[-0.166, 0.579, -0.166, 1.000]
[-0.166, 0.579, -0.166, 1.000]
[-0.235, 0.598, 0.000, 1.000]
[-0.200, 0.613, 0.000, 1.000]
[-0.166, 0.579, -0.166, 1.000]
[-0.200, 0.613, 0.000, 1.000]
[-0.141, 0.594, -0.141, 1.000]
[-0.141, 0.594, -0.141, 1.000]
[-0.200, 0.613, 0.000, 1.000]
[-0.165, 0.598, 0.000, 1.000]
[-0.141, 0.594, -0.141, 1.000]
[-0.165, 0.598, 0.000, 1.000]
[-0.116, 0.579, -0.116, 1.000]
[-0.116, 0.579, -0.116, 1.000]
[-0.165, 0.598, 0.000, 1.000]
[-0.150, 0.563, 0.000, 1.000]
[-0.116, 0.579, -0.116, 1.000]
[-0.150, 0.563, 0.000, 1.000]
[-0.106, 0.544, -0.106, 1.000]
[-0.106, 0.544, -0.106, 1.000]
[-0.150, 0.563, 0.000, 1.000]
[-0.165, 0.527, 0.000, 1.000]
[-0.106, 0.544, -0.106, 1.000]
[-0.165, 0.527, 0.000, 1.000]
[-0.116, 0.508, -0.116, 1.000]
[-0.116, 0.508, -0.116, 1.000]
[-0.165, 0.527, 0.000, 1.000]
[-0.200, 0.513, 0.000, 1.000]
[-0.116, 0.508, -0.116, 1.000]
[-0.200, 0.513, 0.000, 1.000]
[-0.141, 0.494, -0.141, 1.000]
[-0.141, 0.494, -0.141, 1.000]
[-0.200, 0.513, 0.000, 1.000]
[-0.235, 0.527, 0.000, 1.000]
[-0.141, 0.494, -0.141, 1.000]
[-0.235, 0.527, 0.000, 1.000]
[-0.166, 0.508, -0.166, 1.000]
[-0.166, 0.508, -0.166, 1.000]
[-0.235, 0.527, 0.000, 1.000]
[-0.250, 0.563, 0.000, 1.000]
[-0.166, 0.508, -0.166, 1.000]
[-0.250, 0.563, 0.000, 1.000]
[-0.177, 0.544, -0.177, 1.000]
[-0.250, 0.562, 0.000, 1.000]
[-0.177, 0.581, 0.177, 1.000]
[-0.166, 0.617, 0.166, 1.000]
[-0.250, 0.562, 0.000, 1.000]
[-0.166, 0.617, 0.166, 1.000]
[-0.235, 0.598, 0.000, 1.000]
[-0.235, 0.598, 0.000, 1.000]
[-0.166, 0.617, 0.166, 1.000]
[-0.141, 0.631, 0.141, 1.000]
[-0.235, 0.598, 0.000, 1.000]
[-0.141, 0.631, 0.141, 1.000]
[-0.200, 0.613, 0.000, 1.000]
[-0.200, 0.613, 0.000, 1.000]
[-0.141, 0.631, 0.141, 1.000]
[-0.116, 0.617, 0.116, 1.000]
[-0.200, 0.613, 0.000, 1.000]
[-0.116, 0.617, 0.116, 1.000]
[-0.165, 0.598, 0.000, 1.000]
[-0.165, 0.598, 0.000, 1.000]
[-0.116, 0.617, 0.116, 1.000]
[-0.106, 0.581, 0.106, 1.000]
[-0.165, 0.598, 0.000, 1.000]
[-0.106, 0.581, 0.106, 1.000]
[-0.150, 0.562, 0.000, 1.000]
[-0.150, 0.562, 0.000, 1.000]
[-0.106, 0.581, 0.106, 1.000]
[-0.116, 0.546, 0.116, 1.000]
[-0.150, 0.562, 0.000, 1.000]
[-0.116, 0.546, 0.116, 1.000]
[-0.165, 0.527, 0.000, 1.000]
[-0.165, 0.527, 0.000, 1.000]
[-0.116, 0.546, 0.116, 1.000]
[-0.141, 0.531, 0.141, 1.000]
[-0.165, 0.527, 0.000, 1.000]
[-0.141, 0.531, 0.141, 1.000]
[-0.200, 0.512, 0.000, 1.000]
[-0.200, 0.512, 0.000, 1.000]
[-0.141, 0.531, 0.141, 1.000]
[-0.166, 0.546, 0.166, 1.000]
[-0.200, 0.512, 0.000, 1.000]
[-0.166, 0.546, 0.166, 1.000]
[-0.235, 0.527, 0.000, 1.000]
[-0.235, 0.527, 0.000, 1.000]
[-0.166, 0.546, 0.166, 1.000]
[-0.177, 0.581, 0.177, 1.000]
[-0.235, 0.527, 0.000, 1.000]
[-0.177, 0.581, 0.177, 1.000]
[-0.250, 0.562, 0.000, 1.000]
[-0.177, 0.581, 0.177, 1.000]
[0.000, 0.600, 0.250, 1.000]
[0.000, 0.635, 0.235, 1.000]
[-0.177, 0.581, 0.177, 1.000]
[0.000, 0.635, 0.235, 1.000]
[-0.166, 0.617, 0.166, 1.000]
[-0.166, 0.617, 0.166, 1.000]
[0.000, 0.635, 0.235, 1.000]
[0.000, 0.650, 0.200, 1.000]
[-0.166, 0.617, 0.166, 1.000]
[0.000, 0.650, 0.200, 1.000]
[-0.141, 0.631, 0.141, 1.000]
[-0.141, 0.631, 0.141, 1.000]
[0.000, 0.650, 0.200, 1.000]
[0.000, 0.635, 0.165, 1.000]
[-0.141, 0.631, 0.141, 1.000]
[0.000, 0.635, 0.165, 1.000]
[-0.116, 0.617, 0.116, 1.000]
[-0.116, 0.617, 0.116, 1.000]
[0.000, 0.635, 0.165, 1.000]
[0.000, 0.600, 0.150, 1.000]
[-0.116, 0.617, 0.116, 1.000]
[0.000, 0.600, 0.150, 1.000]
[-0.106, 0.581, 0.106, 1.000]
[-0.106, 0.581, 0.106, 1.000]
[0.000, 0.600, 0.150, 1.000]
[0.000, 0.565, 0.165, 1.000]
[-0.106, 0.581, 0.106, 1.000]
[0.000, 0.565, 0.165, 1.000]
[-0.116, 0.546, 0.116, 1.000]
[-0.116, 0.546, 0.116, 1.000]
[0.000, 0.565, 0.165, 1.000]
[0.000, 0.550, 0.200, 1.000]
[-0.116, 0.546, 0.116, 1.000]
[0.000, 0.550, 0.200, 1.000]
[-0.141, 0.531, 0.141, 1.000]
[-0.141, 0.531, 0.141, 1.000]
[0.000, 0.550, 0.200, 1.000]
[0.000, 0.565, 0.235, 1.000]
[-0.141, 0.531, 0.141, 1.000]
[0.000, 0.565, 0.235, 1.000]
[-0.166, 0.546, 0.166, 1.000]
[-0.166, 0.546, 0.166, 1.000]
[0.000, 0.565, 0.235, 1.000]
[0.000, 0.600, 0.250, 1.000]
[-0.166, 0.546, 0.166, 1.000]
[0.000, 0.600, 0.250, 1.000]
[-0.177, 0.581, 0.177, 1.000]
